1.000000000000000000e+00 2.260836456210752073e-04 4.654256366957129076e-01
1.000000000000000000e+00 3.459865321216766761e-08 6.009438069788861623e-05
1.000000000000000000e+00 5.529139106082234115e-04 7.378686883404312891e-01
1.000000000000000000e+00 7.617297382430218975e-06 2.505977284124599747e-02
1.000000000000000000e+00 4.118530455056356116e-04 6.105834543792659774e-01
2.000000000000000000e+00 6.302319350836093704e-04 8.942681383398465300e-01
1.000000000000000000e+00 1.016104243098517974e-03 6.601801912209093182e-01
2.000000000000000000e+00 8.144278394935230373e-05 1.322407641758821806e-01
1.000000000000000000e+00 7.269431348453609201e-05 1.900439184756180788e-01
1.000000000000000000e+00 4.818712421163385152e-04 6.851926449647297579e-01
1.000000000000000000e+00 2.684564639811994145e-04 5.700130637650258070e-01
1.000000000000000000e+00 2.821139847985731073e-04 4.602428714314677483e-01
1.000000000000000000e+00 3.297775502593828828e-04 8.206624261741464199e-01
1.000000000000000000e+00 1.433744477705144464e-04 9.009147250578861676e-01
2.000000000000000000e+00 4.669266221940721376e-04 8.167456732359646976e-01
1.000000000000000000e+00 3.371536512828514229e-05 1.034936850967653477e-01
1.000000000000000000e+00 1.279617397419258943e-04 2.882077509409348703e-01
1.000000000000000000e+00 5.314519354076561227e-04 6.148630643602648327e-01
1.000000000000000000e+00 2.015403397351845020e-05 9.748005855878889570e-01
1.000000000000000000e+00 3.195972360709203766e-04 9.608669153487068293e-01
2.000000000000000000e+00 3.638346444934133646e-06 3.381908416208301293e-02
2.000000000000000000e+00 9.761538216451840768e-05 7.552467737228591993e-01
2.000000000000000000e+00 9.409444840780728151e-06 1.121440090327577438e-01
2.000000000000000000e+00 1.023293784536399024e-05 1.600209677082695403e-01
2.000000000000000000e+00 1.005927327995237826e-07 1.893025906198716113e-04
2.000000000000000000e+00 3.903730233187534234e-06 3.384472353462498334e-02
1.000000000000000000e+00 6.042588396637732853e-04 9.588671331427954803e-01
1.000000000000000000e+00 6.288162882296678127e-04 9.222035396825570830e-01
1.000000000000000000e+00 1.000638704726958955e-03 7.341298838525689430e-01
1.000000000000000000e+00 7.518845838790405751e-04 8.334044486171557908e-01
1.000000000000000000e+00 3.166052221089130846e-05 5.236168559890348739e-02
1.000000000000000000e+00 9.209972041599984822e-04 6.044149535503083870e-01
1.000000000000000000e+00 2.184177218818758560e-04 6.701025290461942729e-01
1.000000000000000000e+00 8.035142400793092888e-05 5.983284509399311446e-01
1.000000000000000000e+00 7.817551202447425472e-05 6.764250852393066671e-01
1.000000000000000000e+00 1.834374711579733259e-05 1.661573285369669639e-01
1.000000000000000000e+00 6.436852451235483353e-06 2.351368028157644827e-02
1.000000000000000000e+00 3.992328752812041666e-05 2.178753130246211811e-01
1.000000000000000000e+00 8.817443874824869125e-04 6.007365445012811112e-01
1.000000000000000000e+00 2.882503629509540000e-04 3.650810022473722216e-01
2.000000000000000000e+00 3.970900990500124628e-06 3.203782541214904578e-01
1.000000000000000000e+00 4.726238424972738271e-05 2.117563146470328173e-01
1.000000000000000000e+00 1.078374761567242970e-04 2.511847649051635600e-01
1.000000000000000000e+00 1.848585631446267807e-04 2.741089642070373422e-01
1.000000000000000000e+00 1.823463048480168712e-04 6.748209861359779627e-01
1.000000000000000000e+00 2.169487434233800501e-04 9.239259588318018412e-01
1.000000000000000000e+00 1.871106878222056748e-04 3.439398223095287421e-01
1.000000000000000000e+00 2.027838328159886364e-05 5.696162907005272030e-02
1.000000000000000000e+00 1.747974329376391191e-03 9.721276414540847011e-01
2.000000000000000000e+00 1.609252972894191920e-05 2.319752618467677829e-01
1.000000000000000000e+00 2.657469550443972240e-05 2.588213915197475901e-01
2.000000000000000000e+00 7.635432153878982019e-06 1.434814479258320619e-01
1.000000000000000000e+00 6.240256608982188585e-05 3.005341255038050940e-01
2.000000000000000000e+00 6.624023939414171305e-06 2.190406728551373416e-01
1.000000000000000000e+00 6.658769446651792033e-05 5.165271001752147484e-01
