1.000000000000000000e+00 2.073178596197127539e-04 6.229973108845991980e-01
1.000000000000000000e+00 3.954694474499785498e-08 7.859302833942792945e-05
1.000000000000000000e+00 5.897670849975275098e-04 5.811949846821321541e-01
1.000000000000000000e+00 1.225886594236189395e-05 4.037364154814609973e-02
1.000000000000000000e+00 4.292601818658149356e-04 4.034302435845862900e-01
2.000000000000000000e+00 6.784369272042184949e-04 8.990180252670147976e-01
1.000000000000000000e+00 9.752435552145776419e-04 5.832275709814270792e-01
2.000000000000000000e+00 2.068386805976101038e-04 4.279700239473153145e-01
1.000000000000000000e+00 5.365765021800125874e-05 1.249679470679176674e-01
1.000000000000000000e+00 1.356465185687799396e-04 2.028627115432808103e-01
1.000000000000000000e+00 3.894913662512756200e-04 8.054943272880805694e-01
1.000000000000000000e+00 3.342920634300446136e-04 5.763338698137131511e-01
1.000000000000000000e+00 3.891316673127467526e-04 9.912542854223818090e-01
1.000000000000000000e+00 1.168922032439660279e-04 8.873441421685455133e-01
2.000000000000000000e+00 7.458632677569397053e-04 7.229987620102868995e-01
1.000000000000000000e+00 3.735429708497579632e-05 9.360173543800892615e-02
1.000000000000000000e+00 1.256233030453550589e-04 3.268854826193077212e-01
1.000000000000000000e+00 4.192440792879539011e-04 6.359979195335170310e-01
1.000000000000000000e+00 2.663325082972027263e-05 8.487178744372845252e-01
1.000000000000000000e+00 2.059090118397730821e-04 9.759823443043624813e-01
2.000000000000000000e+00 3.948295494151162265e-06 3.406591776209842715e-02
2.000000000000000000e+00 7.713780131099408398e-05 7.598677561528636160e-01
2.000000000000000000e+00 2.896898206860094163e-05 3.359939356553273693e-01
2.000000000000000000e+00 1.361809934649578624e-05 2.758660138165392461e-01
2.000000000000000000e+00 2.358314851186565062e-06 6.205204241084007546e-03
2.000000000000000000e+00 8.184078315652382581e-06 1.895393613761707785e-01
1.000000000000000000e+00 4.914469547286790191e-04 9.667943432609794607e-01
1.000000000000000000e+00 3.126749771068468580e-04 9.383513388575668301e-01
1.000000000000000000e+00 1.175390745533339389e-03 9.407574891313605914e-01
1.000000000000000000e+00 5.350632401693949068e-04 8.207827268174482382e-01
1.000000000000000000e+00 2.471540094980389238e-05 3.732921855014890988e-02
1.000000000000000000e+00 9.406320961387951152e-04 6.555050182063255626e-01
1.000000000000000000e+00 3.085616253288053410e-04 9.300891147735952380e-01
1.000000000000000000e+00 7.580971266108631808e-05 6.485096432893381335e-01
1.000000000000000000e+00 5.054481213994514754e-05 3.937508797142867945e-01
1.000000000000000000e+00 2.935852845287842619e-06 2.269433055113245085e-02
1.000000000000000000e+00 8.144074152284519136e-06 3.620830337301375601e-02
1.000000000000000000e+00 7.980593120968798582e-05 3.091072497472520664e-01
1.000000000000000000e+00 8.223143649185802586e-04 6.270661459907576063e-01
1.000000000000000000e+00 1.967509184389296573e-04 1.822381030588331174e-01
2.000000000000000000e+00 1.580532388117658500e-06 1.035658536366706739e-01
1.000000000000000000e+00 2.902784479421836658e-05 8.862209619034452923e-02
1.000000000000000000e+00 1.252983065144154984e-04 4.600225792779968903e-01
1.000000000000000000e+00 2.101548781361390478e-04 3.797106226871717061e-01
1.000000000000000000e+00 3.299808757272997125e-04 8.745030754320983757e-01
1.000000000000000000e+00 1.697007815269737296e-04 9.583240047867322975e-01
1.000000000000000000e+00 1.734284400987261461e-04 3.446480259233407617e-01
1.000000000000000000e+00 4.592895855287788506e-05 1.227535266949881798e-01
1.000000000000000000e+00 1.719899164977049593e-03 9.417693874310012481e-01
2.000000000000000000e+00 3.005679867434420794e-05 4.654091508656761911e-01
1.000000000000000000e+00 1.915094502891628145e-05 1.704552475877438023e-01
2.000000000000000000e+00 1.048538272468134910e-05 2.034843683706339112e-01
1.000000000000000000e+00 3.862976367214597957e-05 1.808592108034322576e-01
2.000000000000000000e+00 1.458673458823939283e-05 7.157631123746273083e-01
1.000000000000000000e+00 5.021023298325402251e-05 3.201940899817924957e-01
