1.000000000000000000e+00 2.252364251828188808e-04 4.668556041903548226e-01
1.000000000000000000e+00 2.413408849221840063e-08 4.464434120457264722e-05
1.000000000000000000e+00 5.690084023411421440e-04 7.350297920440688193e-01
1.000000000000000000e+00 7.675277316535364952e-06 2.526887861274472458e-02
1.000000000000000000e+00 3.839319327295491490e-04 5.898042299778486486e-01
2.000000000000000000e+00 6.553745458040356655e-04 9.113399082620445846e-01
1.000000000000000000e+00 1.046939796138214585e-03 6.723733209996197724e-01
2.000000000000000000e+00 8.263895059049563196e-05 1.308040996267322842e-01
1.000000000000000000e+00 7.963753708959726710e-05 2.259524916546825635e-01
1.000000000000000000e+00 4.660638147024400183e-04 6.912135779790388179e-01
1.000000000000000000e+00 2.786661649829462006e-04 5.472464435017552198e-01
1.000000000000000000e+00 2.858842132872520389e-04 4.494297407552687584e-01
1.000000000000000000e+00 3.408994159343217375e-04 8.093015491357125057e-01
1.000000000000000000e+00 1.545996079936553418e-04 8.921653894957809472e-01
2.000000000000000000e+00 3.912351779893381972e-04 8.395911669117587239e-01
1.000000000000000000e+00 3.336383283981916219e-05 1.018150410657753108e-01
1.000000000000000000e+00 1.050623267131519121e-04 2.439515700817568855e-01
1.000000000000000000e+00 6.277157616478905256e-04 6.370876727803393980e-01
1.000000000000000000e+00 1.993210709768127023e-05 9.664145812161000215e-01
1.000000000000000000e+00 3.137514006809883054e-04 9.597972378688885975e-01
2.000000000000000000e+00 4.551770608201919403e-06 4.074137945166134145e-02
2.000000000000000000e+00 9.628362950106661596e-05 7.231694994048699643e-01
2.000000000000000000e+00 1.213130954753924935e-05 1.798939223095580298e-01
2.000000000000000000e+00 9.916177381376922072e-06 1.511139275109668612e-01
2.000000000000000000e+00 9.497394776421950904e-08 1.791809686391124983e-04
2.000000000000000000e+00 4.263755663537890852e-06 3.875245015877178817e-02
1.000000000000000000e+00 6.355374551500244783e-04 9.564205412466768585e-01
1.000000000000000000e+00 7.137653542766925034e-04 9.062902237640189096e-01
1.000000000000000000e+00 1.132284432949692485e-03 8.431970010989203734e-01
1.000000000000000000e+00 8.239923053834965474e-04 8.024693368069369948e-01
1.000000000000000000e+00 2.912366413204176577e-05 4.302424779837502739e-02
1.000000000000000000e+00 9.048794499877303808e-04 5.570939975729104487e-01
1.000000000000000000e+00 2.693803193416174392e-04 6.877698889919183767e-01
1.000000000000000000e+00 8.019934724949723238e-05 5.926871212850446380e-01
1.000000000000000000e+00 7.574961757289138146e-05 6.589417480804820038e-01
1.000000000000000000e+00 1.970273426657740610e-05 1.694256733991768848e-01
1.000000000000000000e+00 6.604702145280737318e-06 2.499691054844149427e-02
1.000000000000000000e+00 4.553504462949102441e-05 2.418572287917364061e-01
1.000000000000000000e+00 8.603322249733671946e-04 6.676947303267189993e-01
1.000000000000000000e+00 2.883650288400280300e-04 3.482450729375570764e-01
2.000000000000000000e+00 4.528811502821609421e-06 3.515695157982061669e-01
1.000000000000000000e+00 5.056957764792846267e-05 2.276301996177494402e-01
1.000000000000000000e+00 1.075277191030906478e-04 2.496316376646494639e-01
1.000000000000000000e+00 1.858983028343979540e-04 2.659448332813181270e-01
1.000000000000000000e+00 1.572676076161700764e-04 5.965527470418493516e-01
1.000000000000000000e+00 2.355732843080855809e-04 9.323399114229435902e-01
1.000000000000000000e+00 1.955304741770675584e-04 3.456529834466962048e-01
1.000000000000000000e+00 2.055153151059444839e-05 5.783367153787356829e-02
1.000000000000000000e+00 1.806759073884996007e-03 9.714121106174834486e-01
2.000000000000000000e+00 1.964271475731915699e-05 2.772154240666966363e-01
1.000000000000000000e+00 2.466984544212749031e-05 2.197580858261807268e-01
2.000000000000000000e+00 6.352003078742628371e-06 9.965425931327404063e-02
1.000000000000000000e+00 5.524740681361654750e-05 2.903219021560558555e-01
2.000000000000000000e+00 4.594589104851254866e-06 9.780911710236774026e-02
1.000000000000000000e+00 6.492392914033919991e-05 5.175534158165332466e-01
