1.000000000000000000e+00 2.263336782468118797e-04 4.627207001857233659e-01
1.000000000000000000e+00 2.833568505474932311e-08 5.499146202210306012e-05
1.000000000000000000e+00 6.018802593034766439e-04 6.808207651009791084e-01
1.000000000000000000e+00 7.861941207393476595e-06 2.486452902790551103e-02
1.000000000000000000e+00 3.643515894685354613e-04 5.242629487512471265e-01
2.000000000000000000e+00 6.707255959473205171e-04 9.098314218616339044e-01
1.000000000000000000e+00 1.131801189045936662e-03 6.147029408140163298e-01
2.000000000000000000e+00 7.864599055030805437e-05 1.232950229283411858e-01
1.000000000000000000e+00 6.326502686135420360e-05 1.616589141420958220e-01
1.000000000000000000e+00 5.535276100444044790e-04 5.885064097452944454e-01
1.000000000000000000e+00 2.930964254104840346e-04 4.880548583355814873e-01
1.000000000000000000e+00 2.525394440822515785e-04 3.770717617775209973e-01
1.000000000000000000e+00 4.980591708869545669e-04 9.703656155979059061e-01
1.000000000000000000e+00 2.163217529538967194e-04 8.499730380723674594e-01
2.000000000000000000e+00 5.556400987892309590e-04 7.312728162620784067e-01
1.000000000000000000e+00 3.002300239318456175e-05 8.207298132023381487e-02
1.000000000000000000e+00 9.380440382674043746e-05 2.001646765848564824e-01
1.000000000000000000e+00 5.792204008828181257e-04 5.941840879016123678e-01
1.000000000000000000e+00 2.658413408293688695e-05 9.608031550354699801e-01
1.000000000000000000e+00 4.312883827621667916e-04 9.394192306606655718e-01
2.000000000000000000e+00 4.805636640017949606e-06 4.688391275217330262e-02
2.000000000000000000e+00 9.096417804713099900e-05 6.909095034986860728e-01
2.000000000000000000e+00 1.413840012037008186e-05 1.883217223835420839e-01
2.000000000000000000e+00 7.877274227499599251e-06 1.150234542653431197e-01
2.000000000000000000e+00 1.083651874881999143e-07 2.093552639305249136e-04
2.000000000000000000e+00 4.000000834545560460e-06 4.419654481279065850e-02
1.000000000000000000e+00 7.449981461744070764e-04 9.429373265643591351e-01
1.000000000000000000e+00 7.576262501078041096e-04 9.118798505388308051e-01
1.000000000000000000e+00 1.254971684164057997e-03 8.319055882817323333e-01
1.000000000000000000e+00 8.048247886297443983e-04 8.244456903970894812e-01
1.000000000000000000e+00 2.319341960094198755e-05 3.344380385654222021e-02
1.000000000000000000e+00 9.595630240282412848e-04 6.172959145989517227e-01
1.000000000000000000e+00 2.748053343352062036e-04 7.007994548243421384e-01
1.000000000000000000e+00 7.056906891573300536e-05 4.223517767491790642e-01
1.000000000000000000e+00 6.883960236675934659e-05 4.895488284922484556e-01
1.000000000000000000e+00 9.841922710308229530e-06 8.492907938369657905e-02
1.000000000000000000e+00 5.230492838909811434e-06 1.985739190463908788e-02
1.000000000000000000e+00 2.813440349526391261e-05 1.161421025032799009e-01
1.000000000000000000e+00 8.887194251647975198e-04 6.385892077750526807e-01
1.000000000000000000e+00 2.269042897955337288e-04 2.878701108617377491e-01
2.000000000000000000e+00 4.196056929393577543e-06 2.932343077237702378e-01
1.000000000000000000e+00 3.204745497363861820e-05 1.197268369465891991e-01
1.000000000000000000e+00 9.840743977177099594e-05 2.002025614514045815e-01
1.000000000000000000e+00 1.919418890722956539e-04 2.419603037590011829e-01
1.000000000000000000e+00 2.676689905091046272e-04 8.777307351817801306e-01
1.000000000000000000e+00 3.330861352062368472e-04 8.971482055585475734e-01
1.000000000000000000e+00 1.563019734841784880e-04 2.401070143095562770e-01
1.000000000000000000e+00 1.380158218919888736e-05 3.629882574090768921e-02
1.000000000000000000e+00 1.885337118244243123e-03 9.513002517457302964e-01
2.000000000000000000e+00 2.306302265826232686e-05 3.045904569028328179e-01
1.000000000000000000e+00 2.565176544415606602e-05 2.695055239737423336e-01
2.000000000000000000e+00 5.547734152141039940e-06 7.950281054834809624e-02
1.000000000000000000e+00 4.747966577132022595e-05 2.384120594365326806e-01
2.000000000000000000e+00 4.282803653504406756e-06 8.804110448664889677e-02
1.000000000000000000e+00 6.130504061645750027e-05 4.327564598095527404e-01
