1.000000000000000000e+00 2.154599581046244040e-04 4.395949731107950398e-01
1.000000000000000000e+00 6.567929908912978440e-08 9.697624099104093975e-05
1.000000000000000000e+00 5.848391385370972423e-04 6.964071801799971428e-01
1.000000000000000000e+00 7.930318374808047476e-06 2.524787862421420601e-02
1.000000000000000000e+00 3.628656606072115957e-04 5.344481083471208649e-01
2.000000000000000000e+00 7.204753830770673981e-04 7.926933941814364726e-01
1.000000000000000000e+00 1.099859203230452555e-03 6.336651236950493482e-01
2.000000000000000000e+00 7.429665256051569606e-05 1.150550736386191653e-01
1.000000000000000000e+00 5.190132793794626517e-05 1.212908718435774247e-01
1.000000000000000000e+00 5.272017071389216740e-04 6.338544701599921893e-01
1.000000000000000000e+00 2.923179940905023524e-04 4.975207141268458977e-01
1.000000000000000000e+00 2.465105092726297873e-04 3.662355799834116632e-01
1.000000000000000000e+00 4.351347607091234039e-04 9.315834766444623938e-01
1.000000000000000000e+00 2.140926832497003435e-04 8.496554732361516482e-01
2.000000000000000000e+00 5.686700882751960333e-04 7.368870935556786073e-01
1.000000000000000000e+00 3.009587359784568697e-05 9.276978087114748361e-02
1.000000000000000000e+00 9.776866956787120286e-05 2.131533561886097272e-01
1.000000000000000000e+00 6.693385093145389018e-04 7.053849556515532360e-01
1.000000000000000000e+00 2.297272715943477378e-05 9.651695404977100878e-01
1.000000000000000000e+00 3.914277919252565096e-04 9.470478025955265666e-01
2.000000000000000000e+00 4.943802312292126332e-06 5.403423902831851894e-02
2.000000000000000000e+00 8.785749601818213081e-05 6.329137236960965529e-01
2.000000000000000000e+00 2.082029200829279406e-05 2.110198679548999090e-01
2.000000000000000000e+00 6.643143542764172536e-06 8.271819436475442988e-02
2.000000000000000000e+00 1.040022077435508563e-07 1.997449980440133910e-04
2.000000000000000000e+00 4.303504379268627465e-06 4.735482016175482367e-02
1.000000000000000000e+00 7.161185865463237351e-04 9.483831062877917661e-01
1.000000000000000000e+00 7.845507091773548224e-04 9.022158286284732709e-01
1.000000000000000000e+00 1.205587275528072514e-03 8.154288737578275770e-01
1.000000000000000000e+00 7.950283600543822833e-04 7.651820098029419315e-01
1.000000000000000000e+00 2.442366499495910251e-05 3.516442131111706393e-02
1.000000000000000000e+00 9.657263475949628799e-04 6.794103672409841366e-01
1.000000000000000000e+00 3.077925167358326001e-04 6.877540763650186184e-01
1.000000000000000000e+00 7.649985263570478419e-05 4.717096556105329075e-01
1.000000000000000000e+00 7.240525276292544008e-05 5.217665020629431716e-01
1.000000000000000000e+00 9.407726271710853608e-06 8.508297616234442029e-02
1.000000000000000000e+00 6.029586384744595741e-06 2.333075454759675829e-02
1.000000000000000000e+00 3.017098556406423918e-05 1.345703584264743013e-01
1.000000000000000000e+00 8.929612309744733301e-04 6.170669024526986846e-01
1.000000000000000000e+00 2.580826024457869689e-04 3.054864387712917795e-01
2.000000000000000000e+00 4.790184812766269906e-06 3.126657267468831991e-01
1.000000000000000000e+00 3.290396773598758360e-05 1.186654163024992159e-01
1.000000000000000000e+00 9.852532987148945431e-05 1.984011660762637907e-01
1.000000000000000000e+00 1.902201615445913753e-04 2.322668961512506791e-01
1.000000000000000000e+00 2.243468562772426298e-04 7.195214400184247738e-01
1.000000000000000000e+00 3.255069678723164560e-04 9.291693718309351757e-01
1.000000000000000000e+00 1.816415211511824212e-04 2.850000800832372949e-01
1.000000000000000000e+00 1.528484771073079570e-05 3.963135064577627542e-02
1.000000000000000000e+00 1.911191645913331953e-03 9.605192189862007401e-01
2.000000000000000000e+00 2.850509183074837421e-05 3.568452077683684220e-01
1.000000000000000000e+00 2.326470803045540463e-05 2.085129974417246068e-01
2.000000000000000000e+00 3.600863085623730431e-06 4.949332140891024578e-02
1.000000000000000000e+00 5.755361874628022801e-05 2.689002450351964391e-01
2.000000000000000000e+00 4.840937966932688700e-06 1.088501232218855863e-01
1.000000000000000000e+00 6.509139570871757413e-05 4.521380722587184930e-01
