1.000000000000000000e+00 2.258277704655355599e-04 4.607557136792055363e-01
1.000000000000000000e+00 2.908303144738479308e-08 5.343930832396509486e-05
1.000000000000000000e+00 6.033328685206304585e-04 6.785013357228977249e-01
1.000000000000000000e+00 7.733821294391240203e-06 2.448354672778742247e-02
1.000000000000000000e+00 3.615386003276803688e-04 5.261519525628414184e-01
2.000000000000000000e+00 6.837488677721077247e-04 9.196898739441932147e-01
1.000000000000000000e+00 1.131821039236140247e-03 6.146969785198939107e-01
2.000000000000000000e+00 7.861087457524475229e-05 1.230604586409243667e-01
1.000000000000000000e+00 6.383808392194367516e-05 1.580866449303613974e-01
1.000000000000000000e+00 5.534215341875713600e-04 5.889988317823828812e-01
1.000000000000000000e+00 2.950326030050984673e-04 4.849940046693201334e-01
1.000000000000000000e+00 2.483367520552475470e-04 3.677764707715471260e-01
1.000000000000000000e+00 5.004701498059976146e-04 9.702210680706310209e-01
1.000000000000000000e+00 2.215135151887764376e-04 8.462538331895718136e-01
2.000000000000000000e+00 5.598968356329457000e-04 7.297639515573328683e-01
1.000000000000000000e+00 2.996912673475869474e-05 8.148188900744167407e-02
1.000000000000000000e+00 9.198669077234192487e-05 1.967265475231805283e-01
1.000000000000000000e+00 5.707056070164372424e-04 5.635463420752976349e-01
1.000000000000000000e+00 2.663499592208879211e-05 9.606267611309934340e-01
1.000000000000000000e+00 4.318121883128427010e-04 9.392799036947830915e-01
2.000000000000000000e+00 4.893175640554939299e-06 5.383353885737213879e-02
2.000000000000000000e+00 8.882621123767860051e-05 6.709167828219135821e-01
2.000000000000000000e+00 1.629546665414684548e-05 1.938677526042758836e-01
2.000000000000000000e+00 5.324346108685120023e-06 6.795054334874460478e-02
2.000000000000000000e+00 1.084716523865699570e-07 2.098822002715874750e-04
2.000000000000000000e+00 3.970829577495017267e-06 4.446632728863002260e-02
1.000000000000000000e+00 7.485051674081600378e-04 9.427526451896542925e-01
1.000000000000000000e+00 7.673250865723187748e-04 9.102278526474647524e-01
1.000000000000000000e+00 1.263119916449297574e-03 8.320751821355284461e-01
1.000000000000000000e+00 8.249813824814072449e-04 8.186927049389098876e-01
1.000000000000000000e+00 2.307918550322159279e-05 3.268337986020625890e-02
1.000000000000000000e+00 9.276594762989027196e-04 6.268584317409872098e-01
1.000000000000000000e+00 2.878283620403522427e-04 6.936044705992385762e-01
1.000000000000000000e+00 7.074814558320291708e-05 4.207213049638870994e-01
1.000000000000000000e+00 6.842079673362259765e-05 4.812363737828664889e-01
1.000000000000000000e+00 8.279248417672620445e-06 6.916481170263902301e-02
1.000000000000000000e+00 5.214680393672731085e-06 1.992612990426460839e-02
1.000000000000000000e+00 2.742782958192085171e-05 1.122111381392198320e-01
1.000000000000000000e+00 8.887261423314196012e-04 6.391372013905676219e-01
1.000000000000000000e+00 2.262672507214959401e-04 2.849752653458456630e-01
2.000000000000000000e+00 4.342159927956997007e-06 2.921655344962206247e-01
1.000000000000000000e+00 3.223297542027760208e-05 1.182556510319887622e-01
1.000000000000000000e+00 9.795661692769176167e-05 1.977874263529192655e-01
1.000000000000000000e+00 1.912401383804047288e-04 2.385647074262212397e-01
1.000000000000000000e+00 2.685807875597788193e-04 8.765003386450723744e-01
1.000000000000000000e+00 3.429903441770787041e-04 8.957655439716187828e-01
1.000000000000000000e+00 1.627486030973976730e-04 2.513431660710467308e-01
1.000000000000000000e+00 1.368164915036691879e-05 3.582679829102432267e-02
1.000000000000000000e+00 1.888517258450035825e-03 9.512441802237810995e-01
2.000000000000000000e+00 2.507343768859244011e-05 3.292059195789741599e-01
1.000000000000000000e+00 2.543519144675419105e-05 2.494619774842146698e-01
2.000000000000000000e+00 5.000420519421990982e-06 6.445877722622439521e-02
1.000000000000000000e+00 4.614038556025906897e-05 2.167488655568075850e-01
2.000000000000000000e+00 4.288485167308186777e-06 9.659605199654891505e-02
1.000000000000000000e+00 6.118906187958071002e-05 4.229288189633046424e-01
