1.000000000000000000e+00 2.220774549758457845e-04 4.583086844559151607e-01
1.000000000000000000e+00 2.898454397221404836e-08 5.318045261370423599e-05
1.000000000000000000e+00 5.812633173543711295e-04 6.991589296052881375e-01
1.000000000000000000e+00 7.552702974511997226e-06 2.450335954330616628e-02
1.000000000000000000e+00 3.666341036662045406e-04 5.698414710577437425e-01
2.000000000000000000e+00 6.622348722551889104e-04 9.179981384236702846e-01
1.000000000000000000e+00 1.099739571624046459e-03 6.336990946996655660e-01
2.000000000000000000e+00 7.902093606490995020e-05 1.240692264175419085e-01
1.000000000000000000e+00 7.226110461247974872e-05 1.871305348088939946e-01
1.000000000000000000e+00 5.181494913136467512e-04 6.342737692020695706e-01
1.000000000000000000e+00 2.913102548432238629e-04 5.058072320356877816e-01
1.000000000000000000e+00 2.535184186206099048e-04 3.839518689482568359e-01
1.000000000000000000e+00 4.229894166282593699e-04 9.346217493256799846e-01
1.000000000000000000e+00 2.012385265230313513e-04 8.608258828187895784e-01
2.000000000000000000e+00 5.052531495781413182e-04 7.696072446750495955e-01
1.000000000000000000e+00 3.113602640237231458e-05 9.585273339408301174e-02
1.000000000000000000e+00 9.583201733188394776e-05 2.115266901487800610e-01
1.000000000000000000e+00 6.032229485369641894e-04 5.715361283120139468e-01
1.000000000000000000e+00 2.336703082744415546e-05 9.669861682206560838e-01
1.000000000000000000e+00 3.857519046286007479e-04 9.476150567287273674e-01
2.000000000000000000e+00 4.974673275544151466e-06 4.799920502784387616e-02
2.000000000000000000e+00 9.013488392142863376e-05 6.650124002924349131e-01
2.000000000000000000e+00 1.576872917722323952e-05 2.019963929217600540e-01
2.000000000000000000e+00 5.279015455695821084e-06 6.945024917838198142e-02
2.000000000000000000e+00 1.031624536403515444e-07 1.979347701461801521e-04
2.000000000000000000e+00 4.022646368197291648e-06 3.993840236926582410e-02
1.000000000000000000e+00 7.077558424214769935e-04 9.491009607380309632e-01
1.000000000000000000e+00 7.653442084369819175e-04 9.036990381873456490e-01
1.000000000000000000e+00 1.213978178389832742e-03 8.361602002290666746e-01
1.000000000000000000e+00 8.450673409463117835e-04 8.013476857350751992e-01
1.000000000000000000e+00 2.474614144302623325e-05 3.535769037387334612e-02
1.000000000000000000e+00 9.302217566735389949e-04 6.304958358742980273e-01
1.000000000000000000e+00 2.975126876113034472e-04 6.802042164603482322e-01
1.000000000000000000e+00 7.563495666367559271e-05 4.832583594168260444e-01
1.000000000000000000e+00 7.237110420429929852e-05 5.410692426104680708e-01
1.000000000000000000e+00 1.181789172803044874e-05 9.649142563726538502e-02
1.000000000000000000e+00 5.848201283616689821e-06 2.219034931263144661e-02
1.000000000000000000e+00 3.175689993834257524e-05 1.425722849162514294e-01
1.000000000000000000e+00 8.744712420090461954e-04 6.473183770834791684e-01
1.000000000000000000e+00 2.507728884599955870e-04 3.021838465407009067e-01
2.000000000000000000e+00 4.630023205829273138e-06 3.152057729571213773e-01
1.000000000000000000e+00 3.994695375917627794e-05 1.577756799241507857e-01
1.000000000000000000e+00 1.003475784764076514e-04 2.101478615934383454e-01
1.000000000000000000e+00 1.882298090649781974e-04 2.448404935500296808e-01
1.000000000000000000e+00 2.200164839886606068e-04 7.272649058696640800e-01
1.000000000000000000e+00 2.973140598886965611e-04 9.128531041738935370e-01
1.000000000000000000e+00 1.808245886313644647e-04 2.943944459452713103e-01
1.000000000000000000e+00 1.574805387884931128e-05 4.199147682604873616e-02
1.000000000000000000e+00 1.855699287765180542e-03 9.614732211667279538e-01
2.000000000000000000e+00 2.416130759519842503e-05 3.248633600016477274e-01
1.000000000000000000e+00 2.423718541366907316e-05 2.284395842399143117e-01
2.000000000000000000e+00 5.463876854433323001e-06 7.162884929978874382e-02
1.000000000000000000e+00 5.217636438654426364e-05 2.466997061256383517e-01
2.000000000000000000e+00 4.475093942095998464e-06 9.443464762478748220e-02
1.000000000000000000e+00 6.375590510307967205e-05 4.596075015629559335e-01
