1.000000000000000000e+00 3.060724383798783029e-04 6.818703592623100995e-01
1.000000000000000000e+00 1.036920110656329037e-07 2.076174169490744431e-04
1.000000000000000000e+00 5.376908279582478167e-04 7.180256091627279513e-01
1.000000000000000000e+00 1.126514053474845844e-05 3.738491512210688483e-02
1.000000000000000000e+00 3.790606257089035465e-04 5.419828562795715454e-01
2.000000000000000000e+00 5.729793463572317854e-04 8.865886703319331152e-01
1.000000000000000000e+00 7.278519500555809263e-04 4.980192493880128968e-01
2.000000000000000000e+00 1.155054461831359427e-04 2.089822778191565700e-01
1.000000000000000000e+00 4.686633035745893983e-05 9.821694513464944432e-02
1.000000000000000000e+00 3.505601619472195553e-04 5.455506312967901561e-01
1.000000000000000000e+00 3.192412040957402016e-04 5.994711871606956954e-01
1.000000000000000000e+00 3.156409369329019835e-04 4.940875017297996497e-01
1.000000000000000000e+00 2.960752871534826601e-04 9.159948454528871187e-01
1.000000000000000000e+00 1.346984825772392269e-04 8.995905477029678687e-01
2.000000000000000000e+00 7.916785799297686816e-04 7.998906570022749074e-01
1.000000000000000000e+00 3.147212964228501169e-05 8.827376830366856497e-02
1.000000000000000000e+00 1.331467114111113919e-04 3.502211961245140781e-01
1.000000000000000000e+00 3.250776227991371910e-04 6.078997730184085846e-01
1.000000000000000000e+00 2.302232209177172196e-05 9.589926494941489743e-01
1.000000000000000000e+00 3.288010427191547500e-04 9.551569640801028660e-01
2.000000000000000000e+00 3.827770499239665259e-06 3.395159345403377105e-02
2.000000000000000000e+00 8.659684746367860106e-05 7.524613359303662374e-01
2.000000000000000000e+00 1.982925851746084544e-05 3.028732989574671186e-01
2.000000000000000000e+00 1.332857498705900830e-05 2.240657935790144606e-01
2.000000000000000000e+00 3.186855985299772621e-07 7.065205501234952381e-04
2.000000000000000000e+00 5.363841353124608477e-06 7.659491135184812172e-02
1.000000000000000000e+00 5.577728558359639453e-04 9.639386103109541803e-01
1.000000000000000000e+00 4.294186673838179557e-04 9.835485828582517520e-01
1.000000000000000000e+00 1.414347119579165190e-03 8.918409359733081576e-01
1.000000000000000000e+00 7.553143617101184398e-04 8.717944147780749553e-01
1.000000000000000000e+00 3.216840863130476569e-05 5.855104126363973316e-02
1.000000000000000000e+00 1.004774912840711602e-03 6.620474416431335607e-01
1.000000000000000000e+00 1.822225946504077226e-04 6.905684965776502926e-01
1.000000000000000000e+00 7.522708623239533245e-05 5.845559427568507438e-01
1.000000000000000000e+00 7.398039603664605687e-05 6.210289588987973897e-01
1.000000000000000000e+00 9.875029598074946648e-06 7.976866735507580353e-02
1.000000000000000000e+00 5.976416802581966516e-06 2.208068571616354780e-02
1.000000000000000000e+00 5.352600921999851224e-05 2.560783851948486567e-01
1.000000000000000000e+00 8.745728986536248232e-04 6.395000847590611714e-01
1.000000000000000000e+00 2.501507675034780713e-04 2.852448661188172752e-01
2.000000000000000000e+00 2.893153317217905212e-06 3.103935831994894534e-01
1.000000000000000000e+00 3.636316539307752000e-05 1.441765925221696609e-01
1.000000000000000000e+00 1.031299634270105140e-04 2.507456312796039755e-01
1.000000000000000000e+00 1.951137319903369560e-04 3.184767915624848733e-01
1.000000000000000000e+00 2.351193940015349263e-04 8.755773766513349488e-01
1.000000000000000000e+00 1.915438822141390550e-04 9.520133900708659391e-01
1.000000000000000000e+00 1.478226191705528370e-04 2.396743397452886781e-01
1.000000000000000000e+00 1.778392256496759898e-05 4.509288774445179698e-02
1.000000000000000000e+00 1.760213361270445039e-03 9.616423717065004650e-01
2.000000000000000000e+00 2.130653991215849171e-05 2.666121715588231078e-01
1.000000000000000000e+00 3.652715399755279886e-05 4.555501097154515122e-01
2.000000000000000000e+00 9.342711683996644863e-06 1.619658546263510746e-01
1.000000000000000000e+00 7.503884808330426248e-05 3.678979636376551454e-01
2.000000000000000000e+00 1.565711099857446353e-05 7.366474747285174374e-01
1.000000000000000000e+00 6.590542815377121251e-05 5.584430365971282395e-01
