1.000000000000000000e+00 2.257525805716829219e-04 4.640084023171801020e-01
1.000000000000000000e+00 2.653645155448616544e-08 5.137853629051458904e-05
1.000000000000000000e+00 5.858472341544365258e-04 7.042335770890416624e-01
1.000000000000000000e+00 7.704778899535883989e-06 2.500462370571889664e-02
1.000000000000000000e+00 3.737180394985753517e-04 5.619097012516955925e-01
2.000000000000000000e+00 6.607126563060411288e-04 9.143660186161979286e-01
1.000000000000000000e+00 1.099739529999443390e-03 6.336991065195323181e-01
2.000000000000000000e+00 8.004578754319437845e-05 1.260724168246407650e-01
1.000000000000000000e+00 7.067816810618281307e-05 1.937245296211230761e-01
1.000000000000000000e+00 5.183505242178143351e-04 6.324713455288952790e-01
1.000000000000000000e+00 2.905078992207531046e-04 5.101141659696279973e-01
1.000000000000000000e+00 2.652509924392306459e-04 4.043081304159558687e-01
1.000000000000000000e+00 4.202979798984352120e-04 9.350382599619655455e-01
1.000000000000000000e+00 1.923747353657840383e-04 8.663621185926009272e-01
2.000000000000000000e+00 4.994332665504748079e-04 7.729700516434705460e-01
1.000000000000000000e+00 3.117765210477933764e-05 9.630592600943757575e-02
1.000000000000000000e+00 9.698061828803942910e-05 2.150867986068899784e-01
1.000000000000000000e+00 6.066058137151267163e-04 6.201217926250467416e-01
1.000000000000000000e+00 2.331177924100607293e-05 9.673621871663993232e-01
1.000000000000000000e+00 3.845404415229804499e-04 9.478908537966683756e-01
2.000000000000000000e+00 4.743799871276077117e-06 4.142063457511179630e-02
2.000000000000000000e+00 9.294990140654391065e-05 6.951053483540822198e-01
2.000000000000000000e+00 1.354377863054708632e-05 1.947051102979768522e-01
2.000000000000000000e+00 8.617167284483858006e-06 1.317451333011617487e-01
2.000000000000000000e+00 1.027770666980620821e-07 1.972057236464670694e-04
2.000000000000000000e+00 4.164566336836530346e-06 4.039639024009289425e-02
1.000000000000000000e+00 7.014051091841593238e-04 9.493270798719838366e-01
1.000000000000000000e+00 7.517217282867702001e-04 9.054525196672766896e-01
1.000000000000000000e+00 1.209815060562644895e-03 8.376627562496626878e-01
1.000000000000000000e+00 8.184355448791150872e-04 8.093997029549674371e-01
1.000000000000000000e+00 2.537416074097268137e-05 3.660338811229776890e-02
1.000000000000000000e+00 9.173131167769543216e-04 5.798524473582795657e-01
1.000000000000000000e+00 2.741699848350399047e-04 6.907727968776760097e-01
1.000000000000000000e+00 7.532139296050184508e-05 4.874166647697885657e-01
1.000000000000000000e+00 7.188542947256168763e-05 5.506710627369569844e-01
1.000000000000000000e+00 1.427000010638887529e-05 1.218015631682277805e-01
1.000000000000000000e+00 5.867976178699167424e-06 2.208464282576157178e-02
1.000000000000000000e+00 3.345790326626850528e-05 1.514329511469853506e-01
1.000000000000000000e+00 8.737045565706478547e-04 6.489918756002430733e-01
1.000000000000000000e+00 2.523654653118933460e-04 3.085794102225939417e-01
2.000000000000000000e+00 4.399004248641503679e-06 3.221240457233334187e-01
1.000000000000000000e+00 3.978880830725727426e-05 1.606025602575612554e-01
1.000000000000000000e+00 1.011461897656006775e-04 2.156081782662024326e-01
1.000000000000000000e+00 1.889921605041414133e-04 2.495679442463100417e-01
1.000000000000000000e+00 2.183395622337041576e-04 7.334497004911821882e-01
1.000000000000000000e+00 2.858402812055064589e-04 9.151125335458450971e-01
1.000000000000000000e+00 1.752918020582460443e-04 2.834538147060813862e-01
1.000000000000000000e+00 1.604626496711875368e-05 4.314821505462679285e-02
1.000000000000000000e+00 1.846572311845029067e-03 9.612285017780615171e-01
2.000000000000000000e+00 2.195519660574769943e-05 3.036409669425013669e-01
1.000000000000000000e+00 2.519744145399175939e-05 2.382471340328545795e-01
2.000000000000000000e+00 5.671764662719425300e-06 8.014794885362135080e-02
1.000000000000000000e+00 5.237999537043716374e-05 2.685943256497582143e-01
2.000000000000000000e+00 4.531398065395245485e-06 9.831069193648113436e-02
1.000000000000000000e+00 6.341788138454266773e-05 4.732646262875163101e-01
