1.000000000000000000e+00 2.829862217360175044e-04 8.456078939228207636e-01
1.000000000000000000e+00 4.059203034449980985e-06 6.700865132277872976e-03
1.000000000000000000e+00 4.298500478968391770e-04 7.280463168159788667e-01
1.000000000000000000e+00 2.060101834823096286e-05 7.896072478886731472e-02
1.000000000000000000e+00 3.466784768492450438e-04 4.981605901543831316e-01
2.000000000000000000e+00 4.816622663413519111e-04 9.236325979964389310e-01
1.000000000000000000e+00 6.521451223936452655e-04 6.838520570940441745e-01
2.000000000000000000e+00 1.567683090147490384e-04 4.028769027828777993e-01
1.000000000000000000e+00 6.192132169851521722e-05 1.606352304254043961e-01
1.000000000000000000e+00 1.942415151258957415e-04 4.615335940221639843e-01
1.000000000000000000e+00 2.801424899148796492e-04 6.708810020895684678e-01
1.000000000000000000e+00 3.035787602862411762e-04 6.220590833717645207e-01
1.000000000000000000e+00 2.373737810918168285e-04 8.752950735402469373e-01
1.000000000000000000e+00 8.265031737882235017e-05 8.965660809433795286e-01
2.000000000000000000e+00 7.065012482525970857e-04 8.649249977768392883e-01
1.000000000000000000e+00 5.950890997392886401e-05 1.288312439456763270e-01
1.000000000000000000e+00 1.387901958032508284e-04 4.591709443570784477e-01
1.000000000000000000e+00 2.642118420652202139e-04 6.791704630804186182e-01
1.000000000000000000e+00 2.437458521669403095e-05 8.465251147700579848e-01
1.000000000000000000e+00 1.477490166253189036e-04 9.687234817109354745e-01
2.000000000000000000e+00 6.102577146114287323e-06 8.232456551274795753e-02
2.000000000000000000e+00 8.140843478874702896e-05 7.786475020854424223e-01
2.000000000000000000e+00 2.171375894328847421e-05 3.190297591611070405e-01
2.000000000000000000e+00 1.467910223284268453e-05 2.615187714649898076e-01
2.000000000000000000e+00 4.796976952590906508e-06 1.863928971393136874e-02
2.000000000000000000e+00 6.444570152289231502e-06 1.265075696259966020e-01
1.000000000000000000e+00 2.153319482241808716e-04 9.771735226087469028e-01
1.000000000000000000e+00 2.471371930567891175e-04 8.125267340771836766e-01
1.000000000000000000e+00 9.989758316844923620e-04 9.274799340496365785e-01
1.000000000000000000e+00 5.979722611785802822e-04 9.425221220425894497e-01
1.000000000000000000e+00 5.332928619746025241e-05 1.337783455339671412e-01
1.000000000000000000e+00 7.773905747810129149e-04 7.851985782957534576e-01
1.000000000000000000e+00 1.917918308685744564e-04 8.386322269297272758e-01
1.000000000000000000e+00 6.892962299552421804e-05 6.329101608137461810e-01
1.000000000000000000e+00 6.855220176888022598e-05 6.519270519344809722e-01
1.000000000000000000e+00 6.380309271047154315e-06 5.018409710785599886e-02
1.000000000000000000e+00 1.265536244905105622e-05 8.305150879330550073e-02
1.000000000000000000e+00 5.794890381384854602e-05 2.880862349121982580e-01
1.000000000000000000e+00 7.099151143457215667e-04 7.603765377265238046e-01
1.000000000000000000e+00 2.886252510661155247e-04 4.071513930202651510e-01
2.000000000000000000e+00 2.192395080260205038e-06 1.536431598591854741e-01
1.000000000000000000e+00 3.640252088081761926e-05 1.682860113617413444e-01
1.000000000000000000e+00 1.070458201824734811e-04 5.295262815685201074e-01
1.000000000000000000e+00 2.126905253099751504e-04 5.079126147720345319e-01
1.000000000000000000e+00 2.993507658837436716e-04 9.420476627947900194e-01
1.000000000000000000e+00 1.018983397893188122e-04 9.740681180298267350e-01
1.000000000000000000e+00 1.651811254918937350e-04 3.533673159843356837e-01
1.000000000000000000e+00 1.881560658059263470e-05 5.460694770577489976e-02
1.000000000000000000e+00 1.037617841611438319e-03 9.725011504726016609e-01
2.000000000000000000e+00 2.112356693224823865e-05 2.617033487150343118e-01
1.000000000000000000e+00 3.543194872984522750e-05 4.445285616082778613e-01
2.000000000000000000e+00 8.236180457752519912e-06 1.447437979363897786e-01
1.000000000000000000e+00 6.996742715274118657e-05 3.733056252829821675e-01
2.000000000000000000e+00 1.637235307438053545e-05 8.366195480956726271e-01
1.000000000000000000e+00 6.817963369469536310e-05 6.209749837948450590e-01
