1.000000000000000000e+00 2.263262697017909579e-04 4.635646338307169434e-01
1.000000000000000000e+00 3.074971789529758589e-08 5.899063820348452868e-05
1.000000000000000000e+00 5.869543192677245539e-04 6.973059612585310596e-01
1.000000000000000000e+00 7.751149430221960905e-06 2.501223341190313143e-02
1.000000000000000000e+00 3.785146558696489438e-04 5.569407199806902797e-01
2.000000000000000000e+00 6.538823490398039482e-04 9.033589080662929316e-01
1.000000000000000000e+00 1.110820432587571009e-03 6.264106019878014076e-01
2.000000000000000000e+00 7.927093150864793171e-05 1.253924379539111955e-01
1.000000000000000000e+00 6.721965274229417054e-05 1.765794074889552034e-01
1.000000000000000000e+00 5.331100906878238378e-04 6.167732549411005794e-01
1.000000000000000000e+00 2.891910805495733080e-04 5.079869837849373404e-01
1.000000000000000000e+00 2.603792599562887358e-04 3.984791433928040472e-01
1.000000000000000000e+00 4.408999352518586188e-04 9.529260934292665963e-01
1.000000000000000000e+00 1.971180986671440950e-04 8.639731088186527463e-01
2.000000000000000000e+00 5.172942581969813304e-04 7.594756456673676936e-01
1.000000000000000000e+00 3.082928539952414890e-05 9.273715321781474119e-02
1.000000000000000000e+00 1.006065615681944850e-04 2.183042885805018818e-01
1.000000000000000000e+00 5.796696129762640357e-04 5.973751588084463826e-01
1.000000000000000000e+00 2.436426475669345261e-05 9.655400409371096559e-01
1.000000000000000000e+00 4.011249517187224839e-04 9.453172427717534410e-01
2.000000000000000000e+00 4.582732555408579695e-06 3.738644507880110879e-02
2.000000000000000000e+00 9.386479299816929457e-05 7.031046431169994948e-01
2.000000000000000000e+00 1.208062342578269885e-05 1.843349808565692693e-01
2.000000000000000000e+00 8.547458708639680592e-06 1.334548937170806360e-01
2.000000000000000000e+00 1.064983345894747778e-07 2.027136197229372286e-04
2.000000000000000000e+00 4.011022274907388621e-06 3.971038048889377614e-02
1.000000000000000000e+00 7.109695744322571754e-04 9.479078738778999869e-01
1.000000000000000000e+00 7.393562557090223569e-04 9.100932831922166066e-01
1.000000000000000000e+00 1.192836489944662168e-03 8.199202172590146498e-01
1.000000000000000000e+00 8.007112125257163839e-04 8.269226064582545499e-01
1.000000000000000000e+00 2.517340319919423111e-05 3.803577657426218672e-02
1.000000000000000000e+00 9.422046446826148891e-04 6.128957741580212115e-01
1.000000000000000000e+00 2.617617343465604516e-04 6.853948528946295360e-01
1.000000000000000000e+00 7.383145486604896597e-05 4.653187080955162314e-01
1.000000000000000000e+00 7.183577442061095050e-05 5.380040776123620194e-01
1.000000000000000000e+00 1.274634704162410415e-05 1.114172230549347747e-01
1.000000000000000000e+00 5.625613082949195917e-06 2.105813592543445689e-02
1.000000000000000000e+00 3.091677571234797994e-05 1.369458895138065957e-01
1.000000000000000000e+00 8.828344001969756945e-04 6.280839562249024288e-01
1.000000000000000000e+00 2.430131058324829809e-04 3.023424685705106696e-01
2.000000000000000000e+00 4.198859387263935360e-06 3.066145727385837239e-01
1.000000000000000000e+00 3.658100611670515900e-05 1.447827579560848898e-01
1.000000000000000000e+00 1.001243419357887847e-04 2.102827983513584076e-01
1.000000000000000000e+00 1.897157239015054937e-04 2.491435713790188800e-01
1.000000000000000000e+00 2.384542118851100206e-04 8.008459099193550035e-01
1.000000000000000000e+00 2.934743286646834164e-04 9.083730764613346942e-01
1.000000000000000000e+00 1.663242854936261919e-04 2.654970098770268461e-01
1.000000000000000000e+00 1.519284512248046380e-05 4.056830009836475542e-02
1.000000000000000000e+00 1.844621192425164192e-03 9.595359000257782656e-01
2.000000000000000000e+00 2.075000892313165585e-05 2.884868901136979913e-01
1.000000000000000000e+00 2.579138429975661641e-05 2.650411558623906871e-01
2.000000000000000000e+00 6.408136414807813478e-06 1.033482757898862986e-01
1.000000000000000000e+00 5.245199025008089868e-05 2.610696358473436063e-01
2.000000000000000000e+00 5.029967042635307531e-06 1.259796877806419468e-01
1.000000000000000000e+00 6.254042930100564080e-05 4.599393374700180837e-01
