1.000000000000000000e+00 2.258460129517682715e-04 4.603656375883361518e-01
1.000000000000000000e+00 2.946721392991813555e-08 5.382762964082533642e-05
1.000000000000000000e+00 6.094081085102720334e-04 6.710152661347021930e-01
1.000000000000000000e+00 7.821163296865824818e-06 2.450842389305011443e-02
1.000000000000000000e+00 3.584197764382172262e-04 5.110301442033869934e-01
2.000000000000000000e+00 6.903808826070174064e-04 9.191338668588099337e-01
1.000000000000000000e+00 1.140385179175453824e-03 6.084096666793565866e-01
2.000000000000000000e+00 7.838054363473459182e-05 1.226414896222876583e-01
1.000000000000000000e+00 6.118571593706777266e-05 1.496560246932694127e-01
1.000000000000000000e+00 5.634612910881617309e-04 5.750611464616013357e-01
1.000000000000000000e+00 2.951567144098462539e-04 4.777282476585067439e-01
1.000000000000000000e+00 2.453178273898510729e-04 3.606149152404791725e-01
1.000000000000000000e+00 5.290408567158226766e-04 9.741439754119285421e-01
1.000000000000000000e+00 2.279596801079100026e-04 8.415091492519506389e-01
2.000000000000000000e+00 5.739249935243435951e-04 7.181196028782791396e-01
1.000000000000000000e+00 2.965143965812506278e-05 7.682979912145378176e-02
1.000000000000000000e+00 9.100685239351035153e-05 1.926174562396446022e-01
1.000000000000000000e+00 5.606536993155919121e-04 5.609443843207988500e-01
1.000000000000000000e+00 2.781058315551108290e-05 9.582725710790547247e-01
1.000000000000000000e+00 4.456929024811041450e-04 9.364889299113170473e-01
2.000000000000000000e+00 4.890434914023835536e-06 5.605374890372167435e-02
2.000000000000000000e+00 8.867694891770826096e-05 6.746115301236601525e-01
2.000000000000000000e+00 1.660839774633409284e-05 1.906998189525215270e-01
2.000000000000000000e+00 5.302978494557920279e-06 6.690998564731127918e-02
2.000000000000000000e+00 1.101688519236743950e-07 2.140328396222770458e-04
2.000000000000000000e+00 3.923161314279364212e-06 4.616190447534089525e-02
1.000000000000000000e+00 7.614299447963571339e-04 9.409784203707433070e-01
1.000000000000000000e+00 7.671626982961565191e-04 9.126487849861655288e-01
1.000000000000000000e+00 1.277039012447504611e-03 8.306271816405286224e-01
1.000000000000000000e+00 8.201824610981653212e-04 8.249809283727715936e-01
1.000000000000000000e+00 2.251454797988980880e-05 3.180138443548313765e-02
1.000000000000000000e+00 9.462851252594291825e-04 6.365566528079641406e-01
1.000000000000000000e+00 2.853409244797466913e-04 6.914553041822630863e-01
1.000000000000000000e+00 6.913532367810425194e-05 4.027125784415155896e-01
1.000000000000000000e+00 6.718894544443618114e-05 4.641510216842066328e-01
1.000000000000000000e+00 7.205941430179933148e-06 6.067509767999639675e-02
1.000000000000000000e+00 5.014736440465215562e-06 1.924834558354444544e-02
1.000000000000000000e+00 2.635652041436195044e-05 1.050257795974179620e-01
1.000000000000000000e+00 8.945822897427460662e-04 6.375665718450904684e-01
1.000000000000000000e+00 2.190588686486228146e-04 2.754411742033205934e-01
2.000000000000000000e+00 4.259563682721135075e-06 2.806767020364367982e-01
1.000000000000000000e+00 2.994858657658448691e-05 1.071152981197407011e-01
1.000000000000000000e+00 9.747488121241614303e-05 1.944287007259191680e-01
1.000000000000000000e+00 1.924274453118120351e-04 2.366837968975845086e-01
1.000000000000000000e+00 2.843958898225871449e-04 8.722839908569134382e-01
1.000000000000000000e+00 3.594733867076226486e-04 8.902178505908125983e-01
1.000000000000000000e+00 1.580987463499738651e-04 2.431812442346532599e-01
1.000000000000000000e+00 1.312408311364787294e-05 3.421121939690942304e-02
1.000000000000000000e+00 1.903802859024966406e-03 9.494691191497938165e-01
2.000000000000000000e+00 2.547493528045987780e-05 3.309027644437154692e-01
1.000000000000000000e+00 2.593667118122763816e-05 2.535890294448845395e-01
2.000000000000000000e+00 4.774662832204389960e-06 6.116857016857479845e-02
1.000000000000000000e+00 4.468680378192486057e-05 2.085824382544877731e-01
2.000000000000000000e+00 4.177039823083676823e-06 9.380749961692508299e-02
1.000000000000000000e+00 6.045972834106365374e-05 4.107819432820345451e-01
