1.000000000000000000e+00 2.206269203470791716e-04 4.541468527388235477e-01
1.000000000000000000e+00 3.313093519131206234e-08 6.051807083761915566e-05
1.000000000000000000e+00 6.042704203744998174e-04 6.692259949039839340e-01
1.000000000000000000e+00 7.909658064032700739e-06 2.475481542968807971e-02
1.000000000000000000e+00 3.516670099545285270e-04 5.139199197073927028e-01
2.000000000000000000e+00 6.754353562309870374e-04 9.122527172742560531e-01
1.000000000000000000e+00 1.140387980417429401e-03 6.084088099700691865e-01
2.000000000000000000e+00 7.693005880484894026e-05 1.198400712855470923e-01
1.000000000000000000e+00 6.029909120680807677e-05 1.462184429137299291e-01
1.000000000000000000e+00 5.642657564748870640e-04 5.747937677934130685e-01
1.000000000000000000e+00 2.944206213440165925e-04 4.750960957175571764e-01
1.000000000000000000e+00 2.387566128044672070e-04 3.514170951244863783e-01
1.000000000000000000e+00 5.301396318268366192e-04 9.741483634843601802e-01
1.000000000000000000e+00 2.308474665805425471e-04 8.396940553915035466e-01
2.000000000000000000e+00 5.779959977572675248e-04 7.156801610888020582e-01
1.000000000000000000e+00 2.962631692922414387e-05 7.565214265887994227e-02
1.000000000000000000e+00 9.096394381011670615e-05 1.920827768204621533e-01
1.000000000000000000e+00 5.699338804068280681e-04 5.725271888369023454e-01
1.000000000000000000e+00 2.782199872976825604e-05 9.580153706996623608e-01
1.000000000000000000e+00 4.462631826160426418e-04 9.362520804178784406e-01
2.000000000000000000e+00 4.924306235979994543e-06 5.827178599320062546e-02
2.000000000000000000e+00 8.957587833857912389e-05 6.766680069423696153e-01
2.000000000000000000e+00 1.730953406839585783e-05 1.907479907503661365e-01
2.000000000000000000e+00 5.330403269165758133e-06 6.658822422290457121e-02
2.000000000000000000e+00 1.102171616089232129e-07 2.141058503628347784e-04
2.000000000000000000e+00 3.843688462722186229e-06 4.343062893103544903e-02
1.000000000000000000e+00 7.633945965507476323e-04 9.407364189442088964e-01
1.000000000000000000e+00 7.690286317917523207e-04 9.127755550354823555e-01
1.000000000000000000e+00 1.277351330925977947e-03 8.290484642964996986e-01
1.000000000000000000e+00 8.209546966106867107e-04 8.226557709681023844e-01
1.000000000000000000e+00 2.221584428318578968e-05 3.138869767378259235e-02
1.000000000000000000e+00 1.049807753976192502e-03 7.021572580256709717e-01
1.000000000000000000e+00 2.894389347825566342e-04 6.843122691089866816e-01
1.000000000000000000e+00 6.914243854261805538e-05 4.012075918813716724e-01
1.000000000000000000e+00 6.733707612938497772e-05 4.627322075476078544e-01
1.000000000000000000e+00 7.241543961794699599e-06 6.034863724604141305e-02
1.000000000000000000e+00 5.008798356316443651e-06 1.921072503019304045e-02
1.000000000000000000e+00 2.634285213028439768e-05 1.047832160612060665e-01
1.000000000000000000e+00 8.959594642926097755e-04 6.352995666772724981e-01
1.000000000000000000e+00 2.190308717477830317e-04 2.756825336943264926e-01
2.000000000000000000e+00 4.286332256580759729e-06 2.713829036689517915e-01
1.000000000000000000e+00 2.951714526451786465e-05 1.040044660507300628e-01
1.000000000000000000e+00 9.756813291876292209e-05 1.929122194258597045e-01
1.000000000000000000e+00 1.934294346858644051e-04 2.366759027714108732e-01
1.000000000000000000e+00 2.855538485805420110e-04 8.718766119663821090e-01
1.000000000000000000e+00 3.630155524888932375e-04 8.897282981416607672e-01
1.000000000000000000e+00 1.582603207141486173e-04 2.431600968629501480e-01
1.000000000000000000e+00 1.312392797301196304e-05 3.420997270114754796e-02
1.000000000000000000e+00 1.914803957317624122e-03 9.493936820632469242e-01
2.000000000000000000e+00 2.606985267241030647e-05 3.332695548864630375e-01
1.000000000000000000e+00 2.641674054741529652e-05 2.619054585645946842e-01
2.000000000000000000e+00 4.368322004898151333e-06 5.675363651559501427e-02
1.000000000000000000e+00 4.787591241485345396e-05 2.230198758184982755e-01
2.000000000000000000e+00 4.152048612736977070e-06 9.217602004857852749e-02
1.000000000000000000e+00 6.122200347226104374e-05 4.094938205520016750e-01
