1.000000000000000000e+00 2.597125684098887605e-04 5.220987904695753024e-01
1.000000000000000000e+00 7.565184912525239268e-08 1.319024354272986944e-04
1.000000000000000000e+00 5.829736816553627741e-04 6.975200858231448420e-01
1.000000000000000000e+00 8.624132391715397692e-06 2.785044162463206491e-02
1.000000000000000000e+00 3.760979995660441804e-04 5.422424082690873171e-01
2.000000000000000000e+00 6.155891860725669048e-04 9.260305183081948277e-01
1.000000000000000000e+00 8.810635314036028339e-04 5.491751894393752664e-01
2.000000000000000000e+00 7.906941277896091243e-05 1.307311601751801611e-01
1.000000000000000000e+00 5.546506836039246578e-05 1.183554646566981616e-01
1.000000000000000000e+00 5.293225367861127770e-04 6.050778914010696008e-01
1.000000000000000000e+00 3.081366730687589632e-04 5.376136605302835880e-01
1.000000000000000000e+00 2.669246694096770846e-04 4.051230507885545395e-01
1.000000000000000000e+00 4.377244615047035515e-04 9.686639045229864520e-01
1.000000000000000000e+00 1.931682917573726197e-04 8.643312329530608018e-01
2.000000000000000000e+00 7.953833029980956733e-04 7.743985966340559690e-01
1.000000000000000000e+00 3.098786198886403542e-05 8.477345702951316619e-02
1.000000000000000000e+00 1.058366462889794946e-04 2.349588316014842027e-01
1.000000000000000000e+00 3.981184325442446562e-04 6.256943280339878344e-01
1.000000000000000000e+00 2.549334300026686922e-05 9.622208054636034458e-01
1.000000000000000000e+00 4.110593159418734349e-04 9.430198967876679550e-01
2.000000000000000000e+00 3.906769107422828973e-06 2.843886812857911520e-02
2.000000000000000000e+00 9.387101256319262924e-05 7.461300279409045499e-01
2.000000000000000000e+00 1.089427225038548549e-05 1.513776842129302691e-01
2.000000000000000000e+00 9.380480891184469848e-06 1.544072083108860294e-01
2.000000000000000000e+00 9.328801632260170921e-08 1.746296894624438541e-04
2.000000000000000000e+00 3.724967148832078329e-06 3.890632550932408146e-02
1.000000000000000000e+00 6.935323018371418284e-04 9.488401633580446637e-01
1.000000000000000000e+00 6.578442934503761800e-04 9.250037692704441428e-01
1.000000000000000000e+00 1.286249690511597930e-03 7.743153747907584039e-01
1.000000000000000000e+00 7.991781123852410851e-04 8.482326223635817675e-01
1.000000000000000000e+00 2.644294129329613827e-05 4.293209965695027330e-02
1.000000000000000000e+00 8.293111028721592524e-04 6.051797535965993680e-01
1.000000000000000000e+00 1.996072259521478086e-04 6.958645157270141324e-01
1.000000000000000000e+00 7.211481352042362764e-05 4.488144986696858130e-01
1.000000000000000000e+00 7.079992918875147913e-05 5.315976587489075200e-01
1.000000000000000000e+00 1.202531601265958195e-05 1.167690942610137145e-01
1.000000000000000000e+00 5.457152664159477935e-06 2.049355949065199967e-02
1.000000000000000000e+00 2.979179263575724111e-05 1.341272175568677949e-01
1.000000000000000000e+00 8.852531776141444372e-04 6.223993703092769447e-01
1.000000000000000000e+00 3.177293823676616692e-04 3.998963527328632250e-01
2.000000000000000000e+00 3.661349297569112957e-06 3.353298580660997175e-01
1.000000000000000000e+00 3.372189474198932527e-05 1.340409534866444097e-01
1.000000000000000000e+00 9.896739041400806440e-05 2.067247837253073373e-01
1.000000000000000000e+00 1.937205489444940635e-04 2.567149744245028620e-01
1.000000000000000000e+00 2.619955005581850720e-04 8.880136013106011417e-01
1.000000000000000000e+00 2.830836713817464216e-04 9.163589237239820884e-01
1.000000000000000000e+00 1.407029473234925276e-04 2.161408539338237622e-01
1.000000000000000000e+00 1.398671877576030046e-05 3.657067773574348285e-02
1.000000000000000000e+00 1.852529344303564286e-03 9.541257025739127151e-01
2.000000000000000000e+00 2.182745433854237042e-05 3.163315272810828249e-01
1.000000000000000000e+00 2.886241296808824604e-05 3.187050166123833739e-01
2.000000000000000000e+00 5.474543644823472920e-06 8.567713562414394635e-02
1.000000000000000000e+00 6.420767019006703405e-05 3.004726716792512908e-01
2.000000000000000000e+00 8.435610469915832282e-06 3.480319131827129264e-01
1.000000000000000000e+00 6.990511657468484420e-05 4.998705035681074715e-01
