1.000000000000000000e+00 2.284896685283691791e-04 4.689313139375260731e-01
1.000000000000000000e+00 3.542430344382416206e-08 6.363335762259534755e-05
1.000000000000000000e+00 5.625558183297561278e-04 7.251235460599955163e-01
1.000000000000000000e+00 7.765602402611083296e-06 2.550071201802684914e-02
1.000000000000000000e+00 4.038537764739196369e-04 5.975092656582901007e-01
2.000000000000000000e+00 6.273236141753078853e-04 9.008169156958965029e-01
1.000000000000000000e+00 9.109097089653533322e-04 5.898598026407317896e-01
2.000000000000000000e+00 7.981406683245195852e-05 1.308919502846977723e-01
1.000000000000000000e+00 6.904857916028142638e-05 1.676574606142416379e-01
1.000000000000000000e+00 5.032990690045552372e-04 6.583873668005890689e-01
1.000000000000000000e+00 2.801134744481561297e-04 5.486502789845317807e-01
1.000000000000000000e+00 2.756686423256906465e-04 4.388715171280654914e-01
1.000000000000000000e+00 3.636403384078826435e-04 8.902323331347380408e-01
1.000000000000000000e+00 1.596241934893937798e-04 8.867494402965099276e-01
2.000000000000000000e+00 6.882235267860702371e-04 7.910841492206510672e-01
1.000000000000000000e+00 3.232592046135221870e-05 1.027280355140400558e-01
1.000000000000000000e+00 1.217751874760211901e-04 2.720152689528829715e-01
1.000000000000000000e+00 4.730705684123241760e-04 6.378822427016663799e-01
1.000000000000000000e+00 2.161322789091130260e-05 9.719737656899896106e-01
1.000000000000000000e+00 3.527750371458539345e-04 9.546671270187344627e-01
2.000000000000000000e+00 3.864011995182036036e-06 2.959073479501305587e-02
2.000000000000000000e+00 9.170197424445473121e-05 7.411249655021466820e-01
2.000000000000000000e+00 1.007665154693190206e-05 1.410035547811214762e-01
2.000000000000000000e+00 1.031797818990483756e-05 1.613725823092603262e-01
2.000000000000000000e+00 9.503562551392918834e-08 1.793590359309312735e-04
2.000000000000000000e+00 3.807019379119353960e-06 3.376165626028246325e-02
1.000000000000000000e+00 6.321684112655218644e-04 9.558458874272864891e-01
1.000000000000000000e+00 6.372471562608990423e-04 9.206131967373093472e-01
1.000000000000000000e+00 1.068375938124228137e-03 7.612298172070094404e-01
1.000000000000000000e+00 7.223485188178899521e-04 8.245338832760792380e-01
1.000000000000000000e+00 2.896443178535572634e-05 4.884666958922681546e-02
1.000000000000000000e+00 9.006093068716401013e-04 6.036116228914610859e-01
1.000000000000000000e+00 2.006928180122114706e-04 6.928143767529839625e-01
1.000000000000000000e+00 7.786877807903416630e-05 5.412172433170238106e-01
1.000000000000000000e+00 7.476092122455816691e-05 6.228098966208341913e-01
1.000000000000000000e+00 1.639348586359457298e-05 1.495749006467337050e-01
1.000000000000000000e+00 6.144433097359753615e-06 2.256542153377272611e-02
1.000000000000000000e+00 3.487026145699556319e-05 1.803552871660552281e-01
1.000000000000000000e+00 8.823586821082839973e-04 6.052779756167083747e-01
1.000000000000000000e+00 2.809622260555558909e-04 3.678018593784387891e-01
2.000000000000000000e+00 3.841817651903792601e-06 3.206709838220662134e-01
1.000000000000000000e+00 4.266906590588507973e-05 1.830535610080168962e-01
1.000000000000000000e+00 1.041673691817267277e-04 2.322382321382486514e-01
1.000000000000000000e+00 1.865277374706878952e-04 2.630708620210369109e-01
1.000000000000000000e+00 2.035095734644436758e-04 7.183927988090140770e-01
1.000000000000000000e+00 2.348798583168208688e-04 9.246245653037740153e-01
1.000000000000000000e+00 1.688805066620311193e-04 2.747676404385221982e-01
1.000000000000000000e+00 1.781541949446982241e-05 4.888032486251181474e-02
1.000000000000000000e+00 1.779937319961215608e-03 9.657442731964349658e-01
2.000000000000000000e+00 1.685132098506423402e-05 2.487369284018561555e-01
1.000000000000000000e+00 2.644540946788449364e-05 2.627647597817967529e-01
2.000000000000000000e+00 6.579117155223320987e-06 1.148572140221964244e-01
1.000000000000000000e+00 6.837868968208085630e-05 3.172248499268887079e-01
2.000000000000000000e+00 7.124047301209002263e-06 2.726576688636497825e-01
1.000000000000000000e+00 7.180085728565322985e-05 5.384221243291381631e-01
