1.000000000000000000e+00 2.191521478830269149e-04 4.544430955218775048e-01
1.000000000000000000e+00 3.032610685533147172e-08 5.565778682527825041e-05
1.000000000000000000e+00 5.768165880196543050e-04 6.978275863964467085e-01
1.000000000000000000e+00 7.600050382401196401e-06 2.463683614123263199e-02
1.000000000000000000e+00 3.631132103401580290e-04 5.747248412711453147e-01
2.000000000000000000e+00 6.500192798450436750e-04 9.107158634055468882e-01
1.000000000000000000e+00 1.099739621194369132e-03 6.336990806235064388e-01
2.000000000000000000e+00 7.821837033593783512e-05 1.226025158067500787e-01
1.000000000000000000e+00 7.212610080369210143e-05 1.864016125966970472e-01
1.000000000000000000e+00 5.182890944476470883e-04 6.350756760880831298e-01
1.000000000000000000e+00 2.906999560801892509e-04 5.037730879012161100e-01
1.000000000000000000e+00 2.488931377342704174e-04 3.781254223574025408e-01
1.000000000000000000e+00 4.232943074453988409e-04 9.345745102728396647e-01
1.000000000000000000e+00 2.030190664129323931e-04 8.598546042294998859e-01
2.000000000000000000e+00 5.071010331601682238e-04 7.682426482497578535e-01
1.000000000000000000e+00 3.113776109741649888e-05 9.553327043377869698e-02
1.000000000000000000e+00 9.576106622627178792e-05 2.111147150489179614e-01
1.000000000000000000e+00 6.093864764150599186e-04 5.776625151644222411e-01
1.000000000000000000e+00 2.336040173387893075e-05 9.668485855606747670e-01
1.000000000000000000e+00 3.860705551866103029e-04 9.474748196985041115e-01
2.000000000000000000e+00 5.010754595828686311e-06 4.880203150324364386e-02
2.000000000000000000e+00 9.098260179708290074e-05 6.661467870056504426e-01
2.000000000000000000e+00 1.604368491541175863e-05 2.026485018635109936e-01
2.000000000000000000e+00 5.279840767614612200e-06 6.928254528868288409e-02
2.000000000000000000e+00 1.031820613888864977e-07 1.979721395717305916e-04
2.000000000000000000e+00 3.972695447751497153e-06 3.881233359727062626e-02
1.000000000000000000e+00 7.090385225938922566e-04 9.490835313506733595e-01
1.000000000000000000e+00 7.666954443952479943e-04 9.037109215528447148e-01
1.000000000000000000e+00 1.214145427094369444e-03 8.353352215152983762e-01
1.000000000000000000e+00 8.469157811606823141e-04 8.004770552089293112e-01
1.000000000000000000e+00 2.446949137476543692e-05 3.501098777085627500e-02
1.000000000000000000e+00 9.850398172370764590e-04 6.664166888017928336e-01
1.000000000000000000e+00 2.998277655631753679e-04 6.758722132145109640e-01
1.000000000000000000e+00 7.563670483866584535e-05 4.822852891506758111e-01
1.000000000000000000e+00 7.253604034481357470e-05 5.401642535985867744e-01
1.000000000000000000e+00 1.202973661578094462e-05 9.714388396300818740e-02
1.000000000000000000e+00 5.850279332411296871e-06 2.221047818858441769e-02
1.000000000000000000e+00 3.179193062882016189e-05 1.425456531199460197e-01
1.000000000000000000e+00 8.748905377243288437e-04 6.464242435147522503e-01
1.000000000000000000e+00 2.507132273366639353e-04 3.020897657021188731e-01
2.000000000000000000e+00 4.655616964400065592e-06 3.082879207689049883e-01
1.000000000000000000e+00 3.980940228319552261e-05 1.562070626919435101e-01
1.000000000000000000e+00 1.004792973409158438e-04 2.089919992416321981e-01
1.000000000000000000e+00 1.889295142380480381e-04 2.453830171831888063e-01
1.000000000000000000e+00 2.204665629589353817e-04 7.256211280189609480e-01
1.000000000000000000e+00 2.983353527905871581e-04 9.126990237164130937e-01
1.000000000000000000e+00 1.809997781642467369e-04 2.947903778955175969e-01
1.000000000000000000e+00 1.576254718845597301e-05 4.203954790092608723e-02
1.000000000000000000e+00 1.861878834886967040e-03 9.613502721287456865e-01
2.000000000000000000e+00 2.440464072307996468e-05 3.257364255465808878e-01
1.000000000000000000e+00 2.457488723537092540e-05 2.395642889604702730e-01
2.000000000000000000e+00 5.262095941522281762e-06 6.846263152617187986e-02
1.000000000000000000e+00 5.472753830231740033e-05 2.591729548832836239e-01
2.000000000000000000e+00 4.460954175458389287e-06 9.211959684578255314e-02
1.000000000000000000e+00 6.434990536687478987e-05 4.594393031866699229e-01
