1.000000000000000000e+00 2.262065091051956725e-04 4.622459135754549142e-01
1.000000000000000000e+00 2.814626440145515722e-08 5.455320810325666370e-05
1.000000000000000000e+00 6.031608674608333540e-04 6.803536950493188629e-01
1.000000000000000000e+00 7.845011058796290957e-06 2.483436020246812537e-02
1.000000000000000000e+00 3.640416374683082355e-04 5.242641089074763228e-01
2.000000000000000000e+00 6.741294492822297833e-04 9.150696806731554167e-01
1.000000000000000000e+00 1.131821021916575845e-03 6.146969837220794819e-01
2.000000000000000000e+00 7.872589153091803544e-05 1.234438413731173134e-01
1.000000000000000000e+00 6.319706147211681018e-05 1.631346514913818990e-01
1.000000000000000000e+00 5.534275704648454995e-04 5.885170027075423693e-01
1.000000000000000000e+00 2.942890149234441408e-04 4.863142159124002051e-01
1.000000000000000000e+00 2.523040909617427652e-04 3.752948090962113792e-01
1.000000000000000000e+00 4.987169590505127932e-04 9.703253374038549595e-01
1.000000000000000000e+00 2.174455438442933865e-04 8.487656442116060518e-01
2.000000000000000000e+00 5.578752250799695221e-04 7.307679172402858914e-01
1.000000000000000000e+00 2.998856632512561079e-05 8.187828184126838549e-02
1.000000000000000000e+00 9.254383550699621461e-05 1.983753148312938364e-01
1.000000000000000000e+00 5.793437974625058199e-04 5.998334421755983081e-01
1.000000000000000000e+00 2.659061215536355770e-05 9.607634979344555903e-01
1.000000000000000000e+00 4.313183255920478767e-04 9.393568317227293241e-01
2.000000000000000000e+00 4.810806251048654078e-06 4.810558703439180017e-02
2.000000000000000000e+00 9.084697933097885122e-05 6.877008508371530437e-01
2.000000000000000000e+00 1.483273352475359372e-05 1.935999188533168436e-01
2.000000000000000000e+00 7.695673672566370342e-06 1.127948680768539880e-01
2.000000000000000000e+00 1.082745146027382880e-07 2.095027733490758865e-04
2.000000000000000000e+00 4.034872844203063726e-06 4.476183254281185936e-02
1.000000000000000000e+00 7.458731793634539725e-04 9.429521674481254889e-01
1.000000000000000000e+00 7.619072961264689763e-04 9.108810445619534013e-01
1.000000000000000000e+00 1.260973841330432924e-03 8.324254797069775558e-01
1.000000000000000000e+00 8.116970782852611990e-04 8.217655166995625482e-01
1.000000000000000000e+00 2.323196299831119854e-05 3.301907475783012053e-02
1.000000000000000000e+00 9.433802167689764231e-04 6.050430210893005256e-01
1.000000000000000000e+00 2.744355968494384271e-04 6.970004064198480620e-01
1.000000000000000000e+00 7.062817015964914979e-05 4.221962920226050020e-01
1.000000000000000000e+00 6.831166255605970261e-05 4.855743728224236055e-01
1.000000000000000000e+00 9.878253753625268913e-06 8.392289710457351282e-02
1.000000000000000000e+00 5.233307606788249919e-06 1.988004910819235818e-02
1.000000000000000000e+00 2.817303201029397480e-05 1.158832809455398738e-01
1.000000000000000000e+00 8.885237910434888543e-04 6.396614284125492489e-01
1.000000000000000000e+00 2.272345488870360964e-04 2.877574732644856970e-01
2.000000000000000000e+00 4.231403525441045636e-06 2.941082942155902602e-01
1.000000000000000000e+00 3.212756935017271306e-05 1.193699656690430100e-01
1.000000000000000000e+00 9.840498044355723507e-05 1.997972607773381148e-01
1.000000000000000000e+00 1.919823526396917455e-04 2.411743838708158283e-01
1.000000000000000000e+00 2.676870418717549379e-04 8.770684134669612941e-01
1.000000000000000000e+00 3.355375315346401511e-04 8.974653481783350095e-01
1.000000000000000000e+00 1.603479717379185129e-04 2.480760841072336964e-01
1.000000000000000000e+00 1.380634961033263029e-05 3.632557203700326892e-02
1.000000000000000000e+00 1.886801767160786736e-03 9.512640298480695700e-01
2.000000000000000000e+00 2.371109949042572842e-05 3.133488846571187980e-01
1.000000000000000000e+00 2.607780721147667839e-05 2.703153907693942037e-01
2.000000000000000000e+00 5.042296564538144400e-06 6.794698707962062989e-02
1.000000000000000000e+00 4.829815848383012169e-05 2.408689752570130904e-01
2.000000000000000000e+00 4.331179635347869717e-06 8.827049018643201572e-02
1.000000000000000000e+00 6.140394338066527437e-05 4.320719850873337431e-01
