1.000000000000000000e+00 2.477645165637683039e-04 5.031854750027410228e-01
1.000000000000000000e+00 5.154016873291391639e-08 8.399146828907990661e-05
1.000000000000000000e+00 5.439991719358191861e-04 7.511318431597239220e-01
1.000000000000000000e+00 8.928948714094341331e-06 2.955844363822462961e-02
1.000000000000000000e+00 4.178962270262431399e-04 6.107260922983719365e-01
2.000000000000000000e+00 5.961577252180576356e-04 8.869919330679549851e-01
1.000000000000000000e+00 6.128599478214590088e-04 4.556782020357861285e-01
2.000000000000000000e+00 7.930648086521378001e-05 1.373323786936483659e-01
1.000000000000000000e+00 6.413976002105867833e-05 1.343941843277845494e-01
1.000000000000000000e+00 4.926615543473932164e-04 6.716216041849997209e-01
1.000000000000000000e+00 2.981119537866253012e-04 6.299803734579083603e-01
1.000000000000000000e+00 2.949417656423575728e-04 4.772315274725276169e-01
1.000000000000000000e+00 3.147090258635795463e-04 8.390810633964710386e-01
1.000000000000000000e+00 1.301210722911982790e-04 9.019590832396278124e-01
2.000000000000000000e+00 1.117818386075217392e-03 7.488904966079772407e-01
1.000000000000000000e+00 3.342758861440802543e-05 1.044695844533057305e-01
1.000000000000000000e+00 1.397694512520051191e-04 3.217467012882039290e-01
1.000000000000000000e+00 3.439109444714415448e-04 6.557314341628894816e-01
1.000000000000000000e+00 2.023226172497042351e-05 9.740027766946890431e-01
1.000000000000000000e+00 3.215886067583191370e-04 9.604294749430096756e-01
2.000000000000000000e+00 2.915600921168176632e-06 2.475867409821532958e-02
2.000000000000000000e+00 9.401243464446707213e-05 8.076208903268897732e-01
2.000000000000000000e+00 9.041352338994121976e-06 1.148072712859637690e-01
2.000000000000000000e+00 1.119458456239671979e-05 1.692877201248783603e-01
2.000000000000000000e+00 8.219981614389390656e-08 1.572872336999431460e-04
2.000000000000000000e+00 3.381391871461066486e-06 2.875078602173319203e-02
1.000000000000000000e+00 5.481212729903490143e-04 9.628876590107995348e-01
1.000000000000000000e+00 4.739027119191558464e-04 9.416818930456637426e-01
1.000000000000000000e+00 1.095842522483730409e-03 7.047133585607363582e-01
1.000000000000000000e+00 7.082645900591657065e-04 8.255232437031529980e-01
1.000000000000000000e+00 3.238658070652727564e-05 5.482293733654598766e-02
1.000000000000000000e+00 7.803808075748872855e-04 5.670487630137016621e-01
1.000000000000000000e+00 1.641834439027432683e-04 6.755078078269169950e-01
1.000000000000000000e+00 7.902966676023158606e-05 5.958688825150838531e-01
1.000000000000000000e+00 7.548571975660170398e-05 6.681131824527057894e-01
1.000000000000000000e+00 1.921681698254765037e-05 1.706787857497090166e-01
1.000000000000000000e+00 6.392554933338395908e-06 2.328962063155637016e-02
1.000000000000000000e+00 3.442262870737329566e-05 1.849691575316037839e-01
1.000000000000000000e+00 8.841027855549798975e-04 5.924432264637000678e-01
1.000000000000000000e+00 3.757009900355176221e-04 5.344954281613721880e-01
2.000000000000000000e+00 3.448119056440946458e-06 3.063468872068165760e-01
1.000000000000000000e+00 4.455713971664716062e-05 2.015657739806344939e-01
1.000000000000000000e+00 1.075917691599794488e-04 2.541214276611153400e-01
1.000000000000000000e+00 1.879480152258607574e-04 2.798832200845034479e-01
1.000000000000000000e+00 1.955705203716154533e-04 7.305047531013655338e-01
1.000000000000000000e+00 1.956539747035791386e-04 9.390461221694891281e-01
1.000000000000000000e+00 1.322962355747113309e-04 2.061778657665364889e-01
1.000000000000000000e+00 1.851099811418701135e-05 5.109278634299313504e-02
1.000000000000000000e+00 1.738353422625157517e-03 9.718949922624449123e-01
2.000000000000000000e+00 1.637852138341797787e-05 2.361833319309629975e-01
1.000000000000000000e+00 2.840915095304902299e-05 2.907800201026592424e-01
2.000000000000000000e+00 5.923183479642965973e-06 8.993103025651467963e-02
1.000000000000000000e+00 7.764732744935345010e-05 3.535163788174181532e-01
2.000000000000000000e+00 8.935470942659898047e-06 3.800110327648557051e-01
1.000000000000000000e+00 8.453086973619898688e-05 6.023520174585147435e-01
