1.000000000000000000e+00 2.180538820121296815e-04 4.520866388307691608e-01
1.000000000000000000e+00 3.233806341009272032e-08 5.944084329079420972e-05
1.000000000000000000e+00 5.817610185858009507e-04 6.892974459891688666e-01
1.000000000000000000e+00 7.707973626608541058e-06 2.483505734235831597e-02
1.000000000000000000e+00 3.584725812141011862e-04 5.625077210865937483e-01
2.000000000000000000e+00 6.490331028838064323e-04 8.986019475839250870e-01
1.000000000000000000e+00 1.111445515620106475e-03 6.263799287554348005e-01
2.000000000000000000e+00 7.720256297103842281e-05 1.206410133408491459e-01
1.000000000000000000e+00 6.809692821572224100e-05 1.723149408026317109e-01
1.000000000000000000e+00 5.315036746900536190e-04 6.190565852796287016e-01
1.000000000000000000e+00 2.921175230279546547e-04 4.948000014729465046e-01
1.000000000000000000e+00 2.438831481253606872e-04 3.672513847875255033e-01
1.000000000000000000e+00 4.482236095670776759e-04 9.515013464276306232e-01
1.000000000000000000e+00 2.119363247961807530e-04 8.534605935194314874e-01
2.000000000000000000e+00 5.317819580218002872e-04 7.513540435362476844e-01
1.000000000000000000e+00 3.066191495635449930e-05 9.003632447381512693e-02
1.000000000000000000e+00 9.438053707795352289e-05 2.056448614950020515e-01
1.000000000000000000e+00 6.057963177600358658e-04 5.843229718461887545e-01
1.000000000000000000e+00 2.438140744111979611e-05 9.646196077428074167e-01
1.000000000000000000e+00 4.026182330722559259e-04 9.444620149755967864e-01
2.000000000000000000e+00 4.990822475747953846e-06 5.206575201423511989e-02
2.000000000000000000e+00 9.088538270781406964e-05 6.672462968447745446e-01
2.000000000000000000e+00 1.662953066268456042e-05 2.009403952373661761e-01
2.000000000000000000e+00 5.359927442521344059e-06 6.946310690181248249e-02
2.000000000000000000e+00 1.050295006257979016e-07 2.021302259627657150e-04
2.000000000000000000e+00 3.936073834965661657e-06 3.915968359214609673e-02
1.000000000000000000e+00 7.242505399372331206e-04 9.467665393141362351e-01
1.000000000000000000e+00 7.696382907631415431e-04 9.055566368140757216e-01
1.000000000000000000e+00 1.231335834013612797e-03 8.325236410294165612e-01
1.000000000000000000e+00 8.381917338870863675e-04 8.035147148631035519e-01
1.000000000000000000e+00 2.373207638497311386e-05 3.386789368694355373e-02
1.000000000000000000e+00 1.033528509513391468e-03 6.960137022483663394e-01
1.000000000000000000e+00 2.989275973909412865e-04 6.770615938564552572e-01
1.000000000000000000e+00 7.406344974007948658e-05 4.590548794393852772e-01
1.000000000000000000e+00 7.127950044719095048e-05 5.172690544793736578e-01
1.000000000000000000e+00 1.080435156111181279e-05 8.753124780063666066e-02
1.000000000000000000e+00 5.643021624343825599e-06 2.146550003596224554e-02
1.000000000000000000e+00 3.007519570239037158e-05 1.302724653827721513e-01
1.000000000000000000e+00 8.804112999664617150e-04 6.408071317558555746e-01
1.000000000000000000e+00 2.423904054541196212e-04 2.956130308884322155e-01
2.000000000000000000e+00 4.580272715113691542e-06 2.964059056820014804e-01
1.000000000000000000e+00 3.666717372054938617e-05 1.391046964772603700e-01
1.000000000000000000e+00 9.951492722306052143e-05 2.032073412750897978e-01
1.000000000000000000e+00 1.904671191375323228e-04 2.424966868169004253e-01
1.000000000000000000e+00 2.373473774575334666e-04 7.741822020687667560e-01
1.000000000000000000e+00 3.151874959544876862e-04 9.076302417157725566e-01
1.000000000000000000e+00 1.745746487164405230e-04 2.788046933421586271e-01
1.000000000000000000e+00 1.498559242163987968e-05 3.966781498522260058e-02
1.000000000000000000e+00 1.878441986562707187e-03 9.594734323041065327e-01
2.000000000000000000e+00 2.508444194103792962e-05 3.290504580417757396e-01
1.000000000000000000e+00 2.514505095770463983e-05 2.502963730671008968e-01
2.000000000000000000e+00 4.875484780640489477e-06 6.317120874990700408e-02
1.000000000000000000e+00 5.470793740512200088e-05 2.584234502808060441e-01
2.000000000000000000e+00 4.420141534287472327e-06 9.469525806130718593e-02
1.000000000000000000e+00 6.395119954503617312e-05 4.466950409206333905e-01
