1.000000000000000000e+00 2.245607229873107036e-04 4.650175177370740043e-01
1.000000000000000000e+00 2.544082228219556323e-08 4.485381263293900715e-05
1.000000000000000000e+00 5.691801339404513630e-04 7.285562847715125745e-01
1.000000000000000000e+00 7.291336732251830325e-06 2.371263852620901155e-02
1.000000000000000000e+00 3.790315614111863622e-04 5.972152268659896013e-01
2.000000000000000000e+00 6.735733749756162144e-04 9.264174418201636119e-01
1.000000000000000000e+00 1.046939912561711296e-03 6.723732926167775847e-01
2.000000000000000000e+00 8.248471388867570473e-05 1.300212886676352375e-01
1.000000000000000000e+00 8.430798739722578149e-05 2.229252398981543259e-01
1.000000000000000000e+00 4.641369269700662201e-04 6.954287300985808606e-01
1.000000000000000000e+00 2.819589376841478436e-04 5.439566208010334636e-01
1.000000000000000000e+00 2.741013373241760350e-04 4.239752637463911622e-01
1.000000000000000000e+00 3.441447837530010336e-04 8.076783323879596077e-01
1.000000000000000000e+00 1.659133013436680723e-04 8.853943515091461380e-01
2.000000000000000000e+00 3.981102551386454217e-04 8.378392265185924392e-01
1.000000000000000000e+00 3.324641730308648847e-05 1.019435613213605096e-01
1.000000000000000000e+00 1.028165254612506283e-04 2.388550785438901536e-01
1.000000000000000000e+00 6.169484697329871833e-04 5.551588609758928428e-01
1.000000000000000000e+00 2.001720456602842495e-05 9.665393137604798568e-01
1.000000000000000000e+00 3.150949742276456340e-04 9.590990180687912758e-01
2.000000000000000000e+00 5.044780123092011882e-06 4.612467631427693421e-02
2.000000000000000000e+00 8.964459702461247083e-05 6.618990873752839121e-01
2.000000000000000000e+00 1.466139201704009693e-05 2.100100352495860578e-01
2.000000000000000000e+00 5.155264937746307789e-06 6.585087772315498245e-02
2.000000000000000000e+00 9.573846897626505223e-08 1.806120489172510801e-04
2.000000000000000000e+00 4.134770980650194316e-06 3.933609324994247897e-02
1.000000000000000000e+00 6.455859319717567732e-04 9.560891074523021338e-01
1.000000000000000000e+00 7.443722266367636987e-04 9.021155842511683343e-01
1.000000000000000000e+00 1.140279859489057301e-03 8.417234876045252001e-01
1.000000000000000000e+00 8.728108028659509274e-04 7.906463728189303541e-01
1.000000000000000000e+00 2.832580753930347354e-05 4.069132665911536634e-02
1.000000000000000000e+00 8.424216483152816579e-04 5.683523835992525530e-01
1.000000000000000000e+00 3.021489516601218216e-04 6.767746347484842051e-01
1.000000000000000000e+00 8.112364137583552787e-05 5.861543121645171883e-01
1.000000000000000000e+00 7.667797237347520720e-05 6.415149939919625455e-01
1.000000000000000000e+00 1.535629676885258521e-05 1.258573423072801289e-01
1.000000000000000000e+00 6.591291354380964586e-06 2.534733300023396182e-02
1.000000000000000000e+00 4.087045070036743501e-05 2.141907025833250378e-01
1.000000000000000000e+00 8.608605852668967627e-04 6.661568209758297332e-01
1.000000000000000000e+00 2.860962419037970761e-04 3.360386835065118927e-01
2.000000000000000000e+00 4.906067457986898764e-06 3.569201193972164621e-01
1.000000000000000000e+00 5.148938907333172691e-05 2.270253629693163300e-01
1.000000000000000000e+00 1.052404679229863030e-04 2.394113726563534827e-01
1.000000000000000000e+00 1.825203498061417698e-04 2.548489393066072362e-01
1.000000000000000000e+00 1.583403146816247844e-04 5.864157056272044644e-01
1.000000000000000000e+00 2.491995648887307055e-04 9.317133793168006495e-01
1.000000000000000000e+00 2.087418757004934008e-04 3.752811018692179257e-01
1.000000000000000000e+00 1.956163895244165726e-05 5.363428788628092636e-02
1.000000000000000000e+00 1.810188689570317198e-03 9.717938176400520156e-01
2.000000000000000000e+00 2.237013779227079241e-05 3.141329319864622494e-01
1.000000000000000000e+00 2.206006419975062722e-05 1.796567204294208242e-01
2.000000000000000000e+00 6.463536719186350567e-06 9.718392694318199465e-02
1.000000000000000000e+00 5.193884101511155260e-05 2.442525808562729661e-01
2.000000000000000000e+00 4.547862175272962948e-06 9.174468665996017569e-02
1.000000000000000000e+00 6.447844397279990473e-05 5.037870122157794839e-01
