1.000000000000000000e+00 2.852197576161945736e-04 8.637464819305824548e-01
1.000000000000000000e+00 4.228572556422618221e-06 6.836925765689340698e-03
1.000000000000000000e+00 4.158334654042222692e-04 7.350574383375871879e-01
1.000000000000000000e+00 1.963585279262924571e-05 7.436486718787735373e-02
1.000000000000000000e+00 3.591344101235685636e-04 5.108847832134126854e-01
2.000000000000000000e+00 4.755494356878009108e-04 9.256947123917709241e-01
1.000000000000000000e+00 6.261529091197980427e-04 6.625978418136275749e-01
2.000000000000000000e+00 1.412554664520567914e-04 3.687759771359909733e-01
1.000000000000000000e+00 6.318612475499575025e-05 1.606517356021942566e-01
1.000000000000000000e+00 2.154399836446450336e-04 5.113276953548648862e-01
1.000000000000000000e+00 2.821002663099729068e-04 6.984427667086143821e-01
1.000000000000000000e+00 3.031675382588395920e-04 6.297024566350600816e-01
1.000000000000000000e+00 2.268738199847945499e-04 8.508689945985881131e-01
1.000000000000000000e+00 7.834033635790917539e-05 9.007570802786174502e-01
2.000000000000000000e+00 7.684495518503159199e-04 8.653318409437668057e-01
1.000000000000000000e+00 5.974333365616439081e-05 1.298964477524680583e-01
1.000000000000000000e+00 1.495974707994756963e-04 4.929907913647567641e-01
1.000000000000000000e+00 2.457827537526063367e-04 6.769233289137013276e-01
1.000000000000000000e+00 2.415600891869411555e-05 8.631672396491670840e-01
1.000000000000000000e+00 1.703119074161057187e-04 9.701718630692318657e-01
2.000000000000000000e+00 5.877129622625110432e-06 7.865322233349399117e-02
2.000000000000000000e+00 8.298138906121829792e-05 7.912205536439647080e-01
2.000000000000000000e+00 1.980533244470064139e-05 2.980967618422645793e-01
2.000000000000000000e+00 1.432717094292137498e-05 2.534708161926325087e-01
2.000000000000000000e+00 4.316576171401012030e-06 1.648192559153617912e-02
2.000000000000000000e+00 5.616035466543002123e-06 9.564530636481760606e-02
1.000000000000000000e+00 2.021022237672124796e-04 9.588836774568273436e-01
1.000000000000000000e+00 2.339178832515035288e-04 8.261820259460512794e-01
1.000000000000000000e+00 9.845582149889263619e-04 9.031330140437243692e-01
1.000000000000000000e+00 6.010496930018183496e-04 9.413773927322773849e-01
1.000000000000000000e+00 5.327316998552374756e-05 1.302799772059610728e-01
1.000000000000000000e+00 7.539923330671526210e-04 7.801832949916707172e-01
1.000000000000000000e+00 1.804678301228878744e-04 8.103434556505904052e-01
1.000000000000000000e+00 6.835041626211490031e-05 6.284156068652591021e-01
1.000000000000000000e+00 6.955536863954607464e-05 6.547867524772387204e-01
1.000000000000000000e+00 8.019045119656099531e-06 6.826444946601024910e-02
1.000000000000000000e+00 1.229972611347055763e-05 7.761630566135319098e-02
1.000000000000000000e+00 5.325724996354921686e-05 2.721434165704630370e-01
1.000000000000000000e+00 7.460809366186838551e-04 7.314994132300451923e-01
1.000000000000000000e+00 3.009272323794143092e-04 4.317530582427553942e-01
2.000000000000000000e+00 2.178332427479563758e-06 1.440057261596228155e-01
1.000000000000000000e+00 3.435318908148930436e-05 1.660539332615054431e-01
1.000000000000000000e+00 1.095113686091006561e-04 5.341923817980693823e-01
1.000000000000000000e+00 2.130591955130785265e-04 5.142218031127439026e-01
1.000000000000000000e+00 3.076146496494856276e-04 9.590922050509325114e-01
1.000000000000000000e+00 9.982452973199160097e-05 9.719843853290741631e-01
1.000000000000000000e+00 1.479316249086968821e-04 3.099628767357242576e-01
1.000000000000000000e+00 1.726972831191509025e-05 5.015559537355920861e-02
1.000000000000000000e+00 9.804841997811113586e-04 9.722079362062125973e-01
2.000000000000000000e+00 1.946641070845066385e-05 2.457966053472813439e-01
1.000000000000000000e+00 3.441978780455725678e-05 4.385870952877766182e-01
2.000000000000000000e+00 7.847059032601209851e-06 1.421076554545014636e-01
1.000000000000000000e+00 7.263735307024350881e-05 3.787519556711029245e-01
2.000000000000000000e+00 1.571259301942903522e-05 8.271977800147564119e-01
1.000000000000000000e+00 7.200006842317312151e-05 6.331461683938669482e-01
