1.000000000000000000e+00 2.093468062142619197e-04 4.247410600101213518e-01
1.000000000000000000e+00 7.463398732922738410e-08 9.790599290430457063e-05
1.000000000000000000e+00 5.690232167008087627e-04 7.192050062661592413e-01
1.000000000000000000e+00 7.283928082174339557e-06 2.318975380620749357e-02
1.000000000000000000e+00 3.721418305887850197e-04 5.630039027588195077e-01
2.000000000000000000e+00 6.473941985627867934e-04 8.179330936289253007e-01
1.000000000000000000e+00 1.074286613154843990e-03 6.508020437725383633e-01
2.000000000000000000e+00 7.470706782233109964e-05 1.186576169796993430e-01
1.000000000000000000e+00 5.304739475548668335e-05 1.243020517504916517e-01
1.000000000000000000e+00 5.211169975986645539e-04 6.576959659076898612e-01
1.000000000000000000e+00 2.895668821408670253e-04 5.055483501982295236e-01
1.000000000000000000e+00 2.434228568515208629e-04 3.627637055800450039e-01
1.000000000000000000e+00 4.384262824580838929e-04 9.240401662759806234e-01
1.000000000000000000e+00 2.058955891370308194e-04 8.530909604003360514e-01
2.000000000000000000e+00 5.497130424019102844e-04 7.537726743701061993e-01
1.000000000000000000e+00 3.017009707503544649e-05 9.728732166168724271e-02
1.000000000000000000e+00 1.018152060512193271e-04 2.246041429917911558e-01
1.000000000000000000e+00 6.303643822201883450e-04 6.761807309648747433e-01
1.000000000000000000e+00 2.103135681777348453e-05 9.544476273011155421e-01
1.000000000000000000e+00 3.644322390512182565e-04 9.518286810139185983e-01
2.000000000000000000e+00 4.953288911375310750e-06 5.018547040492928740e-02
2.000000000000000000e+00 8.803735201267021745e-05 6.171726795670993138e-01
2.000000000000000000e+00 1.884279675816898363e-05 2.015807083069907080e-01
2.000000000000000000e+00 6.613267168004270927e-06 8.053958407621977789e-02
2.000000000000000000e+00 1.027029525378871249e-07 1.959787506166624129e-04
2.000000000000000000e+00 4.583070425214400109e-06 5.900541022345763553e-02
1.000000000000000000e+00 6.977151959058462433e-04 9.516930444995566063e-01
1.000000000000000000e+00 7.916942562663348802e-04 8.987333167766249353e-01
1.000000000000000000e+00 1.187440941251212932e-03 8.053056803604056180e-01
1.000000000000000000e+00 8.010328434313150484e-04 7.437391191488837983e-01
1.000000000000000000e+00 2.549826519456990922e-05 3.723629569103419773e-02
1.000000000000000000e+00 9.082946371767939946e-04 6.908558607206424229e-01
1.000000000000000000e+00 2.885307701597539546e-04 6.383774255868751579e-01
1.000000000000000000e+00 7.973127314899403691e-05 5.072250846662653689e-01
1.000000000000000000e+00 7.637014950492316005e-05 5.511310025924900380e-01
1.000000000000000000e+00 1.113666826012250901e-05 1.038735247824019714e-01
1.000000000000000000e+00 6.343457435688877694e-06 2.428762023638812717e-02
1.000000000000000000e+00 3.341850283181524558e-05 1.568750956983957778e-01
1.000000000000000000e+00 8.715959372575157044e-04 5.939957346300545060e-01
1.000000000000000000e+00 2.823765235567050782e-04 3.294135208244529101e-01
2.000000000000000000e+00 4.197002879825507057e-06 2.805834386629958432e-01
1.000000000000000000e+00 3.352232471863817679e-05 1.248131449098002499e-01
1.000000000000000000e+00 9.858224494505704789e-05 2.003693009478046405e-01
1.000000000000000000e+00 1.867664545861651452e-04 2.288034775552169053e-01
1.000000000000000000e+00 2.024570928345697466e-04 6.630677347908862096e-01
1.000000000000000000e+00 3.034957262026679128e-04 9.209473058792286837e-01
1.000000000000000000e+00 1.776501332543782433e-04 2.747963482050189143e-01
1.000000000000000000e+00 1.685725387452555654e-05 4.383796074371776319e-02
1.000000000000000000e+00 1.907497058183009160e-03 9.652259696798201061e-01
2.000000000000000000e+00 3.226595199406124984e-05 4.082187359922891945e-01
1.000000000000000000e+00 2.420842578243248390e-05 2.078911969555589101e-01
2.000000000000000000e+00 3.645734065896634242e-06 5.023940409534589924e-02
1.000000000000000000e+00 5.399032498511325244e-05 2.601839832491275595e-01
2.000000000000000000e+00 5.515804320957248225e-06 1.260379233146769751e-01
1.000000000000000000e+00 6.674529472440822095e-05 4.794981975537746521e-01
