1.000000000000000000e+00 2.264934468668716868e-04 4.623709179951915327e-01
1.000000000000000000e+00 2.824362609965576010e-08 5.404807424639289631e-05
1.000000000000000000e+00 6.040251967949926328e-04 6.797497170115770482e-01
1.000000000000000000e+00 7.797400079563169393e-06 2.468725655111070338e-02
1.000000000000000000e+00 3.637681042044595050e-04 5.245236091775636877e-01
2.000000000000000000e+00 6.793028357460832419e-04 9.175282473588709520e-01
1.000000000000000000e+00 1.131821039236140247e-03 6.146969785198939107e-01
2.000000000000000000e+00 7.882336489336311150e-05 1.235710819197410326e-01
1.000000000000000000e+00 6.340061496355605352e-05 1.623634614587569913e-01
1.000000000000000000e+00 5.533775258314346801e-04 5.886206216249034728e-01
1.000000000000000000e+00 2.948983818838702645e-04 4.857094591054989530e-01
1.000000000000000000e+00 2.515206100632258251e-04 3.733821459867697756e-01
1.000000000000000000e+00 4.993603206706092234e-04 9.702870188493157855e-01
1.000000000000000000e+00 2.188034574043732196e-04 8.478464847849502828e-01
2.000000000000000000e+00 5.588438849280490811e-04 7.304271223914692301e-01
1.000000000000000000e+00 2.997365132367440634e-05 8.180287912589462307e-02
1.000000000000000000e+00 9.208452020965038896e-05 1.974590611638024074e-01
1.000000000000000000e+00 5.757407484399459105e-04 5.903230239422223580e-01
1.000000000000000000e+00 2.660626816998623662e-05 9.607167440726688268e-01
1.000000000000000000e+00 4.314492717962381129e-04 9.393341686271544644e-01
2.000000000000000000e+00 4.833495670389487070e-06 5.000713089589145510e-02
2.000000000000000000e+00 9.010869480902768038e-05 6.816108093101250764e-01
2.000000000000000000e+00 1.542216523380231035e-05 1.938258682294702051e-01
2.000000000000000000e+00 6.894796053478131055e-06 9.829980305717789246e-02
2.000000000000000000e+00 1.083384926662664003e-07 2.096245490376492449e-04
2.000000000000000000e+00 4.029504532946423845e-06 4.506255645899297918e-02
1.000000000000000000e+00 7.467493103630902648e-04 9.428863273205174700e-01
1.000000000000000000e+00 7.645530427841883657e-04 9.104621390848463003e-01
1.000000000000000000e+00 1.262827150491283067e-03 8.323154115629407546e-01
1.000000000000000000e+00 8.175808064768809794e-04 8.200722404102334107e-01
1.000000000000000000e+00 2.322865241808246800e-05 3.286413149938685607e-02
1.000000000000000000e+00 9.282615840507256379e-04 6.051613864198236437e-01
1.000000000000000000e+00 2.779997904536495490e-04 6.953405905182992175e-01
1.000000000000000000e+00 7.068575710138025108e-05 4.217659837633704334e-01
1.000000000000000000e+00 6.819976949180357089e-05 4.831832643258756055e-01
1.000000000000000000e+00 9.352526108939233411e-06 7.882850354635173584e-02
1.000000000000000000e+00 5.228141283132015072e-06 1.989474333457082189e-02
1.000000000000000000e+00 2.793021785273254269e-05 1.146059339281362000e-01
1.000000000000000000e+00 8.885339095240375176e-04 6.396579045588839385e-01
1.000000000000000000e+00 2.270103667667463241e-04 2.866096471982915173e-01
2.000000000000000000e+00 4.272848989543489083e-06 2.952286830111721105e-01
1.000000000000000000e+00 3.219842123497676924e-05 1.191049109228582842e-01
1.000000000000000000e+00 9.824269266983204048e-05 1.991919705091226289e-01
1.000000000000000000e+00 1.916569232301416513e-04 2.399689557243075422e-01
1.000000000000000000e+00 2.679398443307583286e-04 8.768072983777044360e-01
1.000000000000000000e+00 3.383295946632991318e-04 8.970901410349463312e-01
1.000000000000000000e+00 1.622493213728343480e-04 2.509213003728938407e-01
1.000000000000000000e+00 1.376501313842217513e-05 3.616567612161254025e-02
1.000000000000000000e+00 1.886731575797548095e-03 9.512731649453944893e-01
2.000000000000000000e+00 2.426611693827593103e-05 3.204923595405572700e-01
1.000000000000000000e+00 2.596310765815795058e-05 2.640560480039984004e-01
2.000000000000000000e+00 4.928802837902605248e-06 6.487038796522312523e-02
1.000000000000000000e+00 4.764068879258251160e-05 2.331410903093725506e-01
2.000000000000000000e+00 4.343167235853309489e-06 8.953156118717248146e-02
1.000000000000000000e+00 6.128596303294698753e-05 4.289529875876704756e-01
