1.000000000000000000e+00 2.268596383789651049e-04 4.672753873490002596e-01
1.000000000000000000e+00 2.509213509392100899e-08 4.577400525951072838e-05
1.000000000000000000e+00 5.764724432149783556e-04 7.236398593493297282e-01
1.000000000000000000e+00 7.363623039021755548e-06 2.405988434372175605e-02
1.000000000000000000e+00 3.800619920340317500e-04 5.862170375509223597e-01
2.000000000000000000e+00 6.752001435794809190e-04 9.235882799971144586e-01
1.000000000000000000e+00 1.060530990760419085e-03 6.617710746667612165e-01
2.000000000000000000e+00 8.243433930484172774e-05 1.302537727489279096e-01
1.000000000000000000e+00 8.069654113077412937e-05 2.206513818117213366e-01
1.000000000000000000e+00 4.781233857453691350e-04 6.794833321439982532e-01
1.000000000000000000e+00 2.854172661839537799e-04 5.363277466593319165e-01
1.000000000000000000e+00 2.757298498520580868e-04 4.241648731177571907e-01
1.000000000000000000e+00 3.601933188426195416e-04 8.489481411524760768e-01
1.000000000000000000e+00 1.711131070950143885e-04 8.813054798181791938e-01
2.000000000000000000e+00 4.245871065444773752e-04 8.218118510425828083e-01
1.000000000000000000e+00 3.265514024582347728e-05 1.015679242697204859e-01
1.000000000000000000e+00 1.011064853984839029e-04 2.325510234098892848e-01
1.000000000000000000e+00 6.118128133975146970e-04 5.759661000860767377e-01
1.000000000000000000e+00 2.073345511351665612e-05 9.723399963395047418e-01
1.000000000000000000e+00 3.326691463528378984e-04 9.565241366774439591e-01
2.000000000000000000e+00 4.891884385774432184e-06 4.179286713237127804e-02
2.000000000000000000e+00 9.030986458934020414e-05 6.705914345463610537e-01
2.000000000000000000e+00 1.425871418277353965e-05 2.041365353815390582e-01
2.000000000000000000e+00 6.122881224764947764e-06 8.356328740465383820e-02
2.000000000000000000e+00 9.745682531287428802e-08 1.845792420875886188e-04
2.000000000000000000e+00 4.191662750687639781e-06 4.039071345409125935e-02
1.000000000000000000e+00 6.583345180046345233e-04 9.545743224170016861e-01
1.000000000000000000e+00 7.463110463148601948e-04 9.020627978828122950e-01
1.000000000000000000e+00 1.158447048329040805e-03 8.409297579880420370e-01
1.000000000000000000e+00 8.564662603251396548e-04 7.948637298498266723e-01
1.000000000000000000e+00 2.788985747627781145e-05 3.994231353093383174e-02
1.000000000000000000e+00 8.404836593310428296e-04 5.563139801043593957e-01
1.000000000000000000e+00 2.920195179189284717e-04 6.834061618619097223e-01
1.000000000000000000e+00 7.983261455843509709e-05 5.615394009888682314e-01
1.000000000000000000e+00 7.516511563085057340e-05 6.179198339055934630e-01
1.000000000000000000e+00 1.518911074375682784e-05 1.266544549215731230e-01
1.000000000000000000e+00 6.424969039227730235e-06 2.457634934738962135e-02
1.000000000000000000e+00 3.888452181646136072e-05 1.957748078173019157e-01
1.000000000000000000e+00 8.631343281479283112e-04 6.625939530225708474e-01
1.000000000000000000e+00 2.779929511937402186e-04 3.292356918535798149e-01
2.000000000000000000e+00 4.754830406165779765e-06 3.546223922215892554e-01
1.000000000000000000e+00 4.864692870335431271e-05 2.111228732746936176e-01
1.000000000000000000e+00 1.039961357169968162e-04 2.338176804841245737e-01
1.000000000000000000e+00 1.837249206286249476e-04 2.530130700702520330e-01
1.000000000000000000e+00 1.721501719844276861e-04 6.195394187563540989e-01
1.000000000000000000e+00 2.561012489996854604e-04 9.284034678907775451e-01
1.000000000000000000e+00 2.009082800238900569e-04 3.498844965526327067e-01
1.000000000000000000e+00 1.860562295366766011e-05 5.076635449267249273e-02
1.000000000000000000e+00 1.813354243404199668e-03 9.676379118816258451e-01
2.000000000000000000e+00 2.216453991523449618e-05 3.128510075407205382e-01
1.000000000000000000e+00 2.288894288175969744e-05 1.902406567142719274e-01
2.000000000000000000e+00 6.281180431923026998e-06 9.408633063847296474e-02
1.000000000000000000e+00 5.118589089954924743e-05 2.468163898662908695e-01
2.000000000000000000e+00 4.583568361444271684e-06 9.468286990786302371e-02
1.000000000000000000e+00 6.392869833412343991e-05 4.970684974352914121e-01
