1.000000000000000000e+00 2.755746017499930973e-04 5.543410831306988529e-01
1.000000000000000000e+00 8.589711554325388328e-08 1.271033054196046657e-04
1.000000000000000000e+00 5.420801291506617504e-04 7.469189319794741211e-01
1.000000000000000000e+00 9.752753692697337849e-06 3.253818824144163319e-02
1.000000000000000000e+00 4.075672534739696335e-04 5.957736581860770819e-01
2.000000000000000000e+00 5.756408835836508914e-04 8.400573874372622152e-01
1.000000000000000000e+00 5.899766422637649351e-04 4.378576190438519533e-01
2.000000000000000000e+00 7.920291932158981987e-05 1.394599460344217445e-01
1.000000000000000000e+00 5.719591915049072184e-05 1.127084990875145548e-01
1.000000000000000000e+00 4.958017480137786627e-04 6.449584165495187982e-01
1.000000000000000000e+00 3.425667698186900625e-04 6.820274253449777335e-01
1.000000000000000000e+00 2.971471147679927366e-04 4.752684675837772210e-01
1.000000000000000000e+00 3.229458738813954072e-04 8.865790710293369736e-01
1.000000000000000000e+00 1.348789435023078085e-04 8.997889732798898255e-01
2.000000000000000000e+00 1.169164707313918687e-03 7.521398861064891861e-01
1.000000000000000000e+00 3.387138580684589728e-05 1.064736749870853205e-01
1.000000000000000000e+00 1.348025983555537724e-04 3.130749167781379239e-01
1.000000000000000000e+00 2.976038684820025851e-04 6.474598418487096385e-01
1.000000000000000000e+00 2.092190709859763646e-05 9.710180787473383646e-01
1.000000000000000000e+00 3.318338563602288424e-04 9.572478630842433667e-01
2.000000000000000000e+00 2.520540450135189669e-06 1.935139188471022079e-02
2.000000000000000000e+00 9.959011961718711376e-05 8.576387906522462412e-01
2.000000000000000000e+00 8.471356189567208104e-06 1.067141035359659290e-01
2.000000000000000000e+00 1.029186213144018740e-05 1.555206564033494443e-01
2.000000000000000000e+00 8.091022432261518901e-08 1.515283146125587189e-04
2.000000000000000000e+00 3.247921500767759052e-06 2.765908985403208939e-02
1.000000000000000000e+00 5.528533527289928922e-04 9.624951495015700020e-01
1.000000000000000000e+00 4.571866321486588820e-04 9.461056024036023082e-01
1.000000000000000000e+00 1.257802309789027035e-03 6.992925523108772801e-01
1.000000000000000000e+00 7.681859255372174011e-04 8.434321710204533140e-01
1.000000000000000000e+00 3.422293767771327199e-05 5.955033668693279769e-02
1.000000000000000000e+00 6.786522664971666400e-04 5.124290747450049865e-01
1.000000000000000000e+00 1.710547149954281176e-04 6.770070443622513423e-01
1.000000000000000000e+00 7.806154703333355847e-05 5.728825131290011807e-01
1.000000000000000000e+00 7.661720369090640169e-05 6.508740369184479180e-01
1.000000000000000000e+00 1.815745615128392298e-05 1.908515796466915271e-01
1.000000000000000000e+00 6.316304917013225502e-06 2.325723788222940416e-02
1.000000000000000000e+00 3.345895883452627991e-05 1.730013940037847808e-01
1.000000000000000000e+00 8.793947640790771665e-04 6.021535005231295479e-01
1.000000000000000000e+00 4.640633977038911059e-04 6.068739200635446807e-01
2.000000000000000000e+00 3.383775873064521194e-06 3.223505295280565397e-01
1.000000000000000000e+00 4.232410840727595053e-05 1.917652230235275534e-01
1.000000000000000000e+00 1.050063010400193733e-04 2.468504988764926855e-01
1.000000000000000000e+00 1.945349938257964566e-04 2.876802919599105168e-01
1.000000000000000000e+00 2.184718024802997970e-04 7.863819266538801811e-01
1.000000000000000000e+00 2.000598313641558388e-04 9.435047972768511038e-01
1.000000000000000000e+00 1.170693137428654144e-04 1.809694851245817471e-01
1.000000000000000000e+00 1.559069202076965896e-05 4.118196457554298973e-02
1.000000000000000000e+00 1.759000269586767119e-03 9.685542474498026744e-01
2.000000000000000000e+00 1.914513811658292942e-05 2.832160963682339161e-01
1.000000000000000000e+00 2.892005379356759327e-05 3.037022135263096612e-01
2.000000000000000000e+00 5.424462628809204317e-06 7.919629560844423932e-02
1.000000000000000000e+00 7.426637780890449239e-05 3.433493985504483814e-01
2.000000000000000000e+00 9.693407229150366225e-06 4.048714463769527705e-01
1.000000000000000000e+00 8.488434632788087930e-05 5.968454381125317676e-01
