1.000000000000000000e+00 2.059028992655268387e-04 4.149809254286236926e-01
1.000000000000000000e+00 7.838728428651046632e-08 1.028703513205429115e-04
1.000000000000000000e+00 5.592454830623054237e-04 7.350752892004703831e-01
1.000000000000000000e+00 6.548928858674476625e-06 2.066531020922048045e-02
1.000000000000000000e+00 3.778012298887103190e-04 5.781046212663605299e-01
2.000000000000000000e+00 5.280849093341399500e-04 8.923658982913013071e-01
1.000000000000000000e+00 1.063026881014129607e-03 6.623983528924705100e-01
2.000000000000000000e+00 7.530752001154481336e-05 1.226487604503714857e-01
1.000000000000000000e+00 5.516030275364590450e-05 1.309013975474444258e-01
1.000000000000000000e+00 5.304933485436646784e-04 6.625138707777427083e-01
1.000000000000000000e+00 2.887250074018328201e-04 5.065630286497715407e-01
1.000000000000000000e+00 2.376347123653479120e-04 3.524269879541679362e-01
1.000000000000000000e+00 4.854630452759179943e-04 9.346909879262239595e-01
1.000000000000000000e+00 2.043457970616239334e-04 8.515239830956647937e-01
2.000000000000000000e+00 5.414030640984369329e-04 7.610713495840075726e-01
1.000000000000000000e+00 2.997395619076796854e-05 9.636200581473128302e-02
1.000000000000000000e+00 1.036873133102827050e-04 2.286873480756239363e-01
1.000000000000000000e+00 5.377304723360770873e-04 5.946129265114957763e-01
1.000000000000000000e+00 2.030648847711688114e-05 9.389479526934457754e-01
1.000000000000000000e+00 3.536544946779690644e-04 9.542034947640950504e-01
2.000000000000000000e+00 4.938833928330075487e-06 4.818047030602325143e-02
2.000000000000000000e+00 8.857477769102204985e-05 6.107009044407534226e-01
2.000000000000000000e+00 1.549217017376380327e-05 1.610677035186335315e-01
2.000000000000000000e+00 6.415766013097772066e-06 7.713924049172077302e-02
2.000000000000000000e+00 1.034237089292913473e-07 1.965568848942755777e-04
2.000000000000000000e+00 4.884348442999935250e-06 7.635730336479086555e-02
1.000000000000000000e+00 6.939994326323721411e-04 9.528945358493419171e-01
1.000000000000000000e+00 7.972819761466059824e-04 8.966889795118981876e-01
1.000000000000000000e+00 1.196064702232601433e-03 8.008891616904741939e-01
1.000000000000000000e+00 8.066026556863354268e-04 7.319937538127652132e-01
1.000000000000000000e+00 2.595234781675857764e-05 3.832746616078877566e-02
1.000000000000000000e+00 8.426483094407101297e-04 7.092111784258159357e-01
1.000000000000000000e+00 2.603988167485273269e-04 5.891182841915586499e-01
1.000000000000000000e+00 8.123997061037419086e-05 5.212093912887864056e-01
1.000000000000000000e+00 7.903694029101626661e-05 5.568536211735906072e-01
1.000000000000000000e+00 1.174849866048216255e-05 1.004452905648983430e-01
1.000000000000000000e+00 6.338461451626143262e-06 2.381139297646532246e-02
1.000000000000000000e+00 3.547367517227539228e-05 1.692994753536860575e-01
1.000000000000000000e+00 8.483834907977156996e-04 5.695800984987308135e-01
1.000000000000000000e+00 2.923944785267172945e-04 3.394467452081511016e-01
2.000000000000000000e+00 3.261424064335818351e-06 2.259102242713501574e-01
1.000000000000000000e+00 3.144236350238510165e-05 1.182786190617958338e-01
1.000000000000000000e+00 9.780349990384844478e-05 1.986769368155769377e-01
1.000000000000000000e+00 1.840399768528508785e-04 2.242638828981153576e-01
1.000000000000000000e+00 1.986260384823644901e-04 6.596409253071695566e-01
1.000000000000000000e+00 2.929607601118682913e-04 8.943910192825857974e-01
1.000000000000000000e+00 1.588485800598800736e-04 2.358165296337317307e-01
1.000000000000000000e+00 1.783733184784370781e-05 4.641316160213771608e-02
1.000000000000000000e+00 1.902993090247033113e-03 9.664366764212639627e-01
2.000000000000000000e+00 3.747289505872866141e-05 4.506228723487694099e-01
1.000000000000000000e+00 2.643127248217643486e-05 2.194844230083811132e-01
2.000000000000000000e+00 3.772616879055036836e-06 4.773974433704389342e-02
1.000000000000000000e+00 4.431063963509414565e-05 2.285921119691004255e-01
2.000000000000000000e+00 6.714662764324761203e-06 1.523373398716884319e-01
1.000000000000000000e+00 6.718383562599814906e-05 5.017795137891272184e-01
