1.000000000000000000e+00 2.263930240917902750e-04 4.626706291631344503e-01
1.000000000000000000e+00 3.216670415908367755e-08 6.170703409647428485e-05
1.000000000000000000e+00 6.065613214900643152e-04 6.738580131719510424e-01
1.000000000000000000e+00 7.900147791217874879e-06 2.479760916633383036e-02
1.000000000000000000e+00 3.672894152182179083e-04 5.148312646277193316e-01
2.000000000000000000e+00 6.724466564087388252e-04 9.089244287722996196e-01
1.000000000000000000e+00 1.137945801440222579e-03 6.082255582492354096e-01
2.000000000000000000e+00 7.828162230560967670e-05 1.232791433994697150e-01
1.000000000000000000e+00 6.046651356351619004e-05 1.515440508141969456e-01
1.000000000000000000e+00 5.647046384937228110e-04 5.744617137767648041e-01
1.000000000000000000e+00 2.930130946105989859e-04 4.826999386095198741e-01
1.000000000000000000e+00 2.485790387888240608e-04 3.700750876747824769e-01
1.000000000000000000e+00 5.236335395949776603e-04 9.745342094379326747e-01
1.000000000000000000e+00 2.215801400823611325e-04 8.460631584723434795e-01
2.000000000000000000e+00 5.766834055267348403e-04 7.208500030235804878e-01
1.000000000000000000e+00 2.969989912166933106e-05 7.738280159040006323e-02
1.000000000000000000e+00 9.489056635853874272e-05 2.006022297106126451e-01
1.000000000000000000e+00 5.481730765356734132e-04 5.862943690822085552e-01
1.000000000000000000e+00 2.777750624009959603e-05 9.585252289894751199e-01
1.000000000000000000e+00 4.452055707160803015e-04 9.368347740972292614e-01
2.000000000000000000e+00 4.717273712214439162e-06 4.600019038603951615e-02
2.000000000000000000e+00 9.096297299954878468e-05 6.955031298997835787e-01
2.000000000000000000e+00 1.354722172819681373e-05 2.043001013809405408e-01
2.000000000000000000e+00 7.758854858891600317e-06 1.148032228695986118e-01
2.000000000000000000e+00 1.105228057756951811e-07 2.132967922937268539e-04
2.000000000000000000e+00 3.895353110762110651e-06 4.542668455631258817e-02
1.000000000000000000e+00 7.548072557665291837e-04 9.414954842251395117e-01
1.000000000000000000e+00 7.529504208559177755e-04 9.148595551455959152e-01
1.000000000000000000e+00 1.252330373332934295e-03 8.211033035444348371e-01
1.000000000000000000e+00 7.939366976956585943e-04 8.347154783677540602e-01
1.000000000000000000e+00 2.300972535551842299e-05 3.380226988683909806e-02
1.000000000000000000e+00 9.631744475408031544e-04 6.347893006794951276e-01
1.000000000000000000e+00 2.580683374355275685e-04 6.875874376666154530e-01
1.000000000000000000e+00 6.909638268246428010e-05 4.049934650450002782e-01
1.000000000000000000e+00 6.754309300386414534e-05 4.725952190066364245e-01
1.000000000000000000e+00 8.620780948394548407e-06 7.663848909389327224e-02
1.000000000000000000e+00 5.015269607376145778e-06 1.910833501543410945e-02
1.000000000000000000e+00 2.671268547356096725e-05 1.081192688181088629e-01
1.000000000000000000e+00 8.970599962828157588e-04 6.252630918635294632e-01
1.000000000000000000e+00 2.203023183490689411e-04 2.793230149197617473e-01
2.000000000000000000e+00 4.055038150880507516e-06 2.828571911682520867e-01
1.000000000000000000e+00 2.961059595109952056e-05 1.077177284085308329e-01
1.000000000000000000e+00 9.787274251403936293e-05 1.963523136164839478e-01
1.000000000000000000e+00 1.928233019218998960e-04 2.404475126561201603e-01
1.000000000000000000e+00 2.854620875916885668e-04 8.744053956804445082e-01
1.000000000000000000e+00 3.461466455556398984e-04 8.915072875594776125e-01
1.000000000000000000e+00 1.560179744743678916e-04 2.402343933328219827e-01
1.000000000000000000e+00 1.321058779389576981e-05 3.459931495821449293e-02
1.000000000000000000e+00 1.892207216212127112e-03 9.495473215885092966e-01
2.000000000000000000e+00 2.266366425419839511e-05 3.068150497227822293e-01
1.000000000000000000e+00 2.670172919476525308e-05 2.805971697112939478e-01
2.000000000000000000e+00 5.349227492180728619e-06 8.042313003762685542e-02
1.000000000000000000e+00 4.998837470391548175e-05 2.382492936439536968e-01
2.000000000000000000e+00 4.891116777162585262e-06 1.324320502661014975e-01
1.000000000000000000e+00 6.104407459215319424e-05 4.231726887362995404e-01
