1.000000000000000000e+00 2.979624797988934099e-04 6.512486693349616163e-01
1.000000000000000000e+00 9.813256351197267917e-08 1.956997704181100833e-04
1.000000000000000000e+00 5.496146723197461266e-04 7.137946571692512787e-01
1.000000000000000000e+00 1.051587236540685618e-05 3.471260146603890456e-02
1.000000000000000000e+00 3.776591950836137839e-04 5.425059196761059521e-01
2.000000000000000000e+00 5.805704452143760873e-04 8.958321371719950577e-01
1.000000000000000000e+00 7.727199661191177030e-04 5.176688183090289996e-01
2.000000000000000000e+00 1.060606049335734868e-04 1.875120415967524712e-01
1.000000000000000000e+00 4.816365125146911358e-05 1.016752788663362328e-01
1.000000000000000000e+00 3.876716425834978818e-04 5.801427335811404351e-01
1.000000000000000000e+00 3.155665358662643194e-04 5.842234827245298412e-01
1.000000000000000000e+00 3.027532977831053095e-04 4.695550779688931753e-01
1.000000000000000000e+00 3.234391711348088162e-04 9.321926531387718651e-01
1.000000000000000000e+00 1.497219558573592590e-04 8.911070516343877479e-01
2.000000000000000000e+00 7.778938130181494272e-04 7.963397851439728559e-01
1.000000000000000000e+00 3.129242190192952819e-05 8.780010700166084037e-02
1.000000000000000000e+00 1.258291813538230087e-04 3.267363329891151413e-01
1.000000000000000000e+00 3.384537892357306500e-04 6.108214162636182998e-01
1.000000000000000000e+00 2.369847674374337581e-05 9.593961861918542944e-01
1.000000000000000000e+00 3.553820399742745485e-04 9.512789276195169341e-01
2.000000000000000000e+00 3.855388039807737278e-06 3.334696100563455667e-02
2.000000000000000000e+00 8.720695683250850741e-05 7.496769786979733396e-01
2.000000000000000000e+00 1.926249275194457332e-05 2.958392298026260026e-01
2.000000000000000000e+00 1.293476901968975055e-05 2.167382204572537163e-01
2.000000000000000000e+00 2.915996444238384747e-07 6.406463124818306994e-04
2.000000000000000000e+00 5.107387071392337838e-06 7.077303380100891106e-02
1.000000000000000000e+00 6.008132680571878379e-04 9.593623931404385852e-01
1.000000000000000000e+00 4.838623234557633637e-04 9.691120987464592051e-01
1.000000000000000000e+00 1.392475553107463048e-03 8.765188633484007896e-01
1.000000000000000000e+00 7.610077012607938595e-04 8.672567615252142481e-01
1.000000000000000000e+00 3.036000348306315975e-05 5.414839657858326605e-02
1.000000000000000000e+00 9.926135219009610787e-04 6.603918239328662176e-01
1.000000000000000000e+00 1.845182961887789587e-04 6.932514141196557400e-01
1.000000000000000000e+00 7.442619529951142142e-05 5.396691166123486205e-01
1.000000000000000000e+00 7.310381639004789802e-05 5.955019623804310713e-01
1.000000000000000000e+00 1.013726636060550263e-05 8.868709626397361379e-02
1.000000000000000000e+00 5.833848117463323531e-06 2.160433392141478462e-02
1.000000000000000000e+00 4.865633327300708142e-05 2.316078655716697909e-01
1.000000000000000000e+00 8.768722492108449972e-04 6.363597447206568170e-01
1.000000000000000000e+00 2.536767163562315920e-04 2.959570233464013933e-01
2.000000000000000000e+00 3.018046291949624355e-06 3.341077011553508225e-01
1.000000000000000000e+00 3.575179865876354393e-05 1.433942939582142917e-01
1.000000000000000000e+00 1.016213772838109721e-04 2.348379561342449628e-01
1.000000000000000000e+00 1.943012769612428620e-04 2.999270449466904243e-01
1.000000000000000000e+00 2.413255610125299676e-04 8.753746205486073739e-01
1.000000000000000000e+00 2.115321373542777524e-04 9.441105480677109973e-01
1.000000000000000000e+00 1.480009841236313748e-04 2.383994195756564405e-01
1.000000000000000000e+00 1.675327328387684505e-05 4.290008769769525221e-02
1.000000000000000000e+00 1.787055633454232278e-03 9.600193862638712883e-01
2.000000000000000000e+00 2.133051255374339620e-05 2.720822473731397406e-01
1.000000000000000000e+00 3.570205951682620528e-05 4.463589560856092153e-01
2.000000000000000000e+00 8.904287338962366694e-06 1.527748628507209494e-01
1.000000000000000000e+00 7.393613327623528130e-05 3.596136399206439904e-01
2.000000000000000000e+00 1.482528038628311479e-05 6.864022128892537378e-01
1.000000000000000000e+00 6.621323660019974361e-05 5.463482839633946320e-01
