1.000000000000000000e+00 2.259502859654699352e-04 4.635291093524392947e-01
1.000000000000000000e+00 2.710640654273543621e-08 5.269830668649249527e-05
1.000000000000000000e+00 5.913365842835988572e-04 6.962964805386914202e-01
1.000000000000000000e+00 7.740983108529505925e-06 2.496504811596110540e-02
1.000000000000000000e+00 3.706495775684986375e-04 5.504745508012574007e-01
2.000000000000000000e+00 6.639271984639920137e-04 9.142321362621633751e-01
1.000000000000000000e+00 1.111439814767443274e-03 6.263815798254621647e-01
2.000000000000000000e+00 7.952440923978956408e-05 1.251984054036591743e-01
1.000000000000000000e+00 6.819780916184542191e-05 1.834255069710027108e-01
1.000000000000000000e+00 5.307704065331318808e-04 6.171663895154916313e-01
1.000000000000000000e+00 2.922617571355848993e-04 5.019538782132070276e-01
1.000000000000000000e+00 2.606569686064087363e-04 3.939598423461478927e-01
1.000000000000000000e+00 4.448416300084747158e-04 9.519712300293969864e-01
1.000000000000000000e+00 2.012372398236725020e-04 8.602177302216901245e-01
2.000000000000000000e+00 5.214447534615816770e-04 7.573004022148448477e-01
1.000000000000000000e+00 3.074178235359022610e-05 9.225854484629650298e-02
1.000000000000000000e+00 9.531834115540980092e-05 2.089616679406812727e-01
1.000000000000000000e+00 5.984904268542532487e-04 6.142593609221154161e-01
1.000000000000000000e+00 2.434763167482912154e-05 9.652465814977168046e-01
1.000000000000000000e+00 4.008936240265654322e-04 9.449479612552534880e-01
2.000000000000000000e+00 4.769824851484825664e-06 4.302242237415476733e-02
2.000000000000000000e+00 9.218644597142721514e-05 6.914136024376733580e-01
2.000000000000000000e+00 1.395023798874554402e-05 1.952784051826015332e-01
2.000000000000000000e+00 8.307073502104862959e-06 1.275463343848733944e-01
2.000000000000000000e+00 1.046525207375400256e-07 2.013793867629323471e-04
2.000000000000000000e+00 4.127228712033167295e-06 4.146978468494887105e-02
1.000000000000000000e+00 7.168517986427332296e-04 9.474698302772546210e-01
1.000000000000000000e+00 7.564637412317566081e-04 9.067719043479782748e-01
1.000000000000000000e+00 1.228011906856139217e-03 8.358604105452852595e-01
1.000000000000000000e+00 8.162404833662153039e-04 8.126811791428154574e-01
1.000000000000000000e+00 2.459946083781424498e-05 3.531801003616091839e-02
1.000000000000000000e+00 9.240051881102857986e-04 5.869002096865311158e-01
1.000000000000000000e+00 2.745558120446794405e-04 6.931838377628507519e-01
1.000000000000000000e+00 7.379544261634920577e-05 4.639763865366260398e-01
1.000000000000000000e+00 7.071696469120231955e-05 5.271083828315934472e-01
1.000000000000000000e+00 1.278846283258571682e-05 1.088848094522962273e-01
1.000000000000000000e+00 5.656591353062359891e-06 2.132375601042722432e-02
1.000000000000000000e+00 3.140583818556484137e-05 1.373724479453378999e-01
1.000000000000000000e+00 8.781628349925240567e-04 6.455146835467624467e-01
1.000000000000000000e+00 2.435843282167140925e-04 3.008736170077266348e-01
2.000000000000000000e+00 4.347296851316563724e-06 3.129965548808361642e-01
1.000000000000000000e+00 3.711854436204922470e-05 1.457197535432454283e-01
1.000000000000000000e+00 1.000550114960765415e-04 2.094914201373935803e-01
1.000000000000000000e+00 1.899567348393433957e-04 2.464481501054628654e-01
1.000000000000000000e+00 2.348259592199835829e-04 7.818599284822670414e-01
1.000000000000000000e+00 3.016070440865857962e-04 9.097192511683803717e-01
1.000000000000000000e+00 1.699869220863478234e-04 2.714808388120434346e-01
1.000000000000000000e+00 1.521150325935429020e-05 4.062092823145705550e-02
1.000000000000000000e+00 1.858905352967186835e-03 9.592295693408541268e-01
2.000000000000000000e+00 2.254122813393368669e-05 3.076777589174248262e-01
1.000000000000000000e+00 2.545356903133838089e-05 2.491064111442273243e-01
2.000000000000000000e+00 5.470511728951170304e-06 7.565201624248898971e-02
1.000000000000000000e+00 5.119616932938383675e-05 2.605982168465061921e-01
2.000000000000000000e+00 4.483645957028425045e-06 9.709697107489345669e-02
1.000000000000000000e+00 6.281086572582008243e-05 4.598780357291145648e-01
