1.000000000000000000e+00 2.261881277901801543e-04 4.617374975520258662e-01
1.000000000000000000e+00 2.859092073230613829e-08 5.512598391221243806e-05
1.000000000000000000e+00 6.092459210928818838e-04 6.727842770651369930e-01
1.000000000000000000e+00 7.910468530241824401e-06 2.475279293136942518e-02
1.000000000000000000e+00 3.606119913550535428e-04 5.101313610074593718e-01
2.000000000000000000e+00 6.815191593387139946e-04 9.151421366929078927e-01
1.000000000000000000e+00 1.140385166462181549e-03 6.084096705674812977e-01
2.000000000000000000e+00 7.848273967107346691e-05 1.229484402487628913e-01
1.000000000000000000e+00 6.074665772028385997e-05 1.537957863189697294e-01
1.000000000000000000e+00 5.634301163908937400e-04 5.745128114369579819e-01
1.000000000000000000e+00 2.945712792594123975e-04 4.791011261394315657e-01
1.000000000000000000e+00 2.485726416580558086e-04 3.671363639938452494e-01
1.000000000000000000e+00 5.274754443917427111e-04 9.742204100276024015e-01
1.000000000000000000e+00 2.246472523493336416e-04 8.435597023368726077e-01
2.000000000000000000e+00 5.723388877520083334e-04 7.188944282662315111e-01
1.000000000000000000e+00 2.966608752719303012e-05 7.715368921588439122e-02
1.000000000000000000e+00 9.144753509380663286e-05 1.940166697370612203e-01
1.000000000000000000e+00 5.686778537824235206e-04 5.922750888438049754e-01
1.000000000000000000e+00 2.777181735096490039e-05 9.583866560879131802e-01
1.000000000000000000e+00 4.452936810270415437e-04 9.365516884642823836e-01
2.000000000000000000e+00 4.829119216152383234e-06 5.171195299501764320e-02
2.000000000000000000e+00 9.028945717179144711e-05 6.879489835769950767e-01
2.000000000000000000e+00 1.530567910916121258e-05 1.905361216643636502e-01
2.000000000000000000e+00 7.391631897696900242e-06 1.056332404239730682e-01
2.000000000000000000e+00 1.100092032480707621e-07 2.137242414309409289e-04
2.000000000000000000e+00 3.980000016428354794e-06 4.674467303933584755e-02
1.000000000000000000e+00 7.593306031130439993e-04 9.411397641220209387e-01
1.000000000000000000e+00 7.630782689815643859e-04 9.132159454019732614e-01
1.000000000000000000e+00 1.275322327004706907e-03 8.313514735326044125e-01
1.000000000000000000e+00 8.095424542303781461e-04 8.283880941470136428e-01
1.000000000000000000e+00 2.263193948475823909e-05 3.208038447570643603e-02
1.000000000000000000e+00 9.563316705805449116e-04 6.173037810681695214e-01
1.000000000000000000e+00 2.739952835413958423e-04 6.949866057817137843e-01
1.000000000000000000e+00 6.904970215480560770e-05 4.040141635163515543e-01
1.000000000000000000e+00 6.711314305758347206e-05 4.675110884564552260e-01
1.000000000000000000e+00 8.514704810828618725e-06 7.258330454714666258e-02
1.000000000000000000e+00 5.031282503350726021e-06 1.921173276167957925e-02
1.000000000000000000e+00 2.691253615588628891e-05 1.078096781920053204e-01
1.000000000000000000e+00 8.944097138388866367e-04 6.380570656418940167e-01
1.000000000000000000e+00 2.198705608578439667e-04 2.775958682441963532e-01
2.000000000000000000e+00 4.171565027993939256e-06 2.834289700697701919e-01
1.000000000000000000e+00 2.987787306841173084e-05 1.080415693556911610e-01
1.000000000000000000e+00 9.782195896263358274e-05 1.959745227411318069e-01
1.000000000000000000e+00 1.930039033042438724e-04 2.390755680182499732e-01
1.000000000000000000e+00 2.836186244302795314e-04 8.726700824375087651e-01
1.000000000000000000e+00 3.530047933647201893e-04 8.915190473612994992e-01
1.000000000000000000e+00 1.562867696172270992e-04 2.405282438902694997e-01
1.000000000000000000e+00 1.321527032392596493e-05 3.457583191843672382e-02
1.000000000000000000e+00 1.902298304388169150e-03 9.494891091510123671e-01
2.000000000000000000e+00 2.429239188206404470e-05 3.166104186886162242e-01
1.000000000000000000e+00 2.642593637732617020e-05 2.694751523811282912e-01
2.000000000000000000e+00 4.821556806608714237e-06 6.448120585729991139e-02
1.000000000000000000e+00 4.665130488081805846e-05 2.300589701807466136e-01
2.000000000000000000e+00 4.221015916793199387e-06 8.455606148761130036e-02
1.000000000000000000e+00 6.064695096166232305e-05 4.184399737245632078e-01
