1.000000000000000000e+00 2.260290129929941186e-04 4.654942063370172134e-01
1.000000000000000000e+00 3.077000738710804865e-08 5.577932179874967099e-05
1.000000000000000000e+00 5.622407754913949333e-04 7.291969976748249316e-01
1.000000000000000000e+00 7.686150062775284704e-06 2.526532953393807734e-02
1.000000000000000000e+00 3.968166219407305551e-04 5.959463727772881247e-01
2.000000000000000000e+00 6.398072372933020276e-04 8.967585578146235470e-01
1.000000000000000000e+00 1.058479518990646439e-03 6.621869718812964933e-01
2.000000000000000000e+00 8.134643464531742169e-05 1.300331932035461435e-01
1.000000000000000000e+00 7.378212149829198351e-05 1.959765262193990387e-01
1.000000000000000000e+00 4.868679311127491172e-04 6.746598790141175028e-01
1.000000000000000000e+00 2.746946042038094036e-04 5.514653797216008124e-01
1.000000000000000000e+00 2.785852050311649281e-04 4.456850354966784833e-01
1.000000000000000000e+00 3.515410950326398800e-04 8.550108877487697656e-01
1.000000000000000000e+00 1.570428955799781025e-04 8.927012219130706638e-01
2.000000000000000000e+00 4.142682187896648506e-04 7.997299526039106654e-01
1.000000000000000000e+00 3.302618613075835382e-05 1.033930859092798415e-01
1.000000000000000000e+00 1.157857025031496228e-04 2.594066370123697673e-01
1.000000000000000000e+00 5.848232239922211955e-04 6.028256033369774336e-01
1.000000000000000000e+00 2.073983950672320095e-05 9.738852527457034780e-01
1.000000000000000000e+00 3.347923447854947400e-04 9.573891011919621885e-01
2.000000000000000000e+00 4.116429549965394394e-06 3.517684928603423411e-02
2.000000000000000000e+00 9.845373654539825426e-05 7.367891659557441741e-01
2.000000000000000000e+00 1.009785752330279532e-05 1.370551226325570360e-01
2.000000000000000000e+00 9.732255951755721909e-06 1.502401715153611483e-01
2.000000000000000000e+00 1.024128052085042532e-07 1.927518247810546632e-04
2.000000000000000000e+00 4.020377334166850055e-06 3.581655749456050253e-02
1.000000000000000000e+00 6.378326228669754057e-04 9.559338954409637434e-01
1.000000000000000000e+00 6.806032248127617248e-04 9.148059971923986344e-01
1.000000000000000000e+00 1.070914604883344652e-03 7.863938776118367668e-01
1.000000000000000000e+00 7.914605029047008626e-04 8.311313114624959697e-01
1.000000000000000000e+00 2.950333212419488125e-05 4.784017771123064144e-02
1.000000000000000000e+00 9.334390420504395111e-04 6.012692140502938765e-01
1.000000000000000000e+00 2.489890700446564602e-04 6.738022870983262358e-01
1.000000000000000000e+00 7.926541895201059658e-05 5.681206335665804907e-01
1.000000000000000000e+00 7.785791362285080484e-05 6.530020626361350278e-01
1.000000000000000000e+00 1.784601753858140489e-05 1.544976627237100442e-01
1.000000000000000000e+00 6.351661475684227084e-06 2.344166483291295136e-02
1.000000000000000000e+00 3.931751806106213097e-05 2.029989680456762979e-01
1.000000000000000000e+00 8.753808711946689611e-04 6.233415975523386443e-01
1.000000000000000000e+00 2.775324703006942068e-04 3.414043264253721621e-01
2.000000000000000000e+00 4.207425870788346882e-06 3.274617770467187494e-01
1.000000000000000000e+00 4.623032319680969748e-05 2.039777840241499551e-01
1.000000000000000000e+00 1.057372531843425582e-04 2.410355918498386929e-01
1.000000000000000000e+00 1.859885923879561482e-04 2.673221308554191156e-01
1.000000000000000000e+00 1.840817593793325833e-04 6.667220501805903865e-01
1.000000000000000000e+00 2.336737865000169121e-04 9.223040397050280559e-01
1.000000000000000000e+00 1.800184046378334362e-04 3.197290533477268881e-01
1.000000000000000000e+00 1.909707142961298429e-05 5.292425990341576708e-02
1.000000000000000000e+00 1.782659225284964318e-03 9.675493928053993109e-01
2.000000000000000000e+00 1.767379017148593275e-05 2.586037553273580203e-01
1.000000000000000000e+00 2.562153620490738052e-05 2.423610558508307034e-01
2.000000000000000000e+00 7.735426964795427956e-06 1.442891228576585749e-01
1.000000000000000000e+00 5.606646408224771655e-05 2.837841940987995693e-01
2.000000000000000000e+00 5.527729102461563008e-06 1.409186840254558204e-01
1.000000000000000000e+00 6.392672412042473885e-05 4.989116659238529983e-01
