1.000000000000000000e+00 2.405245139183976276e-04 4.899255408888167906e-01
1.000000000000000000e+00 4.636522785264231855e-08 7.894063415988004451e-05
1.000000000000000000e+00 5.593712157668916801e-04 7.306409764014843988e-01
1.000000000000000000e+00 8.496426208960595366e-06 2.798755033063782260e-02
1.000000000000000000e+00 4.042871446719782549e-04 5.965505418669162507e-01
2.000000000000000000e+00 6.093709039713708772e-04 9.185957128104048630e-01
1.000000000000000000e+00 7.170357322802447782e-04 5.022695562061920693e-01
2.000000000000000000e+00 7.910835677204711537e-05 1.334744353543553808e-01
1.000000000000000000e+00 6.482400128487280364e-05 1.411358307964745706e-01
1.000000000000000000e+00 5.066876455717981903e-04 6.529267148617905470e-01
1.000000000000000000e+00 2.955243879185240428e-04 5.772019612995357152e-01
1.000000000000000000e+00 2.823616734514418727e-04 4.473174057653302449e-01
1.000000000000000000e+00 3.559538893837768019e-04 8.930848593638176514e-01
1.000000000000000000e+00 1.534969623865554663e-04 8.888993957349077268e-01
2.000000000000000000e+00 9.622996216751690361e-04 7.687021522634487347e-01
1.000000000000000000e+00 3.229646259375323761e-05 1.037302834874260088e-01
1.000000000000000000e+00 1.248423872517413161e-04 2.825279244525354394e-01
1.000000000000000000e+00 3.900201664677956938e-04 6.501405567459532797e-01
1.000000000000000000e+00 2.160565317018407449e-05 9.712019138164669219e-01
1.000000000000000000e+00 3.525921233202977006e-04 9.545034903638777157e-01
2.000000000000000000e+00 3.508271170129390811e-06 2.559914060726921348e-02
2.000000000000000000e+00 9.353437044061237821e-05 7.721407959753437966e-01
2.000000000000000000e+00 9.595006455902021321e-06 1.322547937085898073e-01
2.000000000000000000e+00 1.055621439286685643e-05 1.625686062540233900e-01
2.000000000000000000e+00 8.812968452554380322e-08 1.670311075573422039e-04
2.000000000000000000e+00 3.567184703597900239e-06 3.134738776798251525e-02
1.000000000000000000e+00 6.105616534123651466e-04 9.573309456943879248e-01
1.000000000000000000e+00 5.710952167981199088e-04 9.293337304815172395e-01
1.000000000000000000e+00 1.127273171133035944e-03 7.421609376769522370e-01
1.000000000000000000e+00 7.259534979260330806e-04 8.246956395075364377e-01
1.000000000000000000e+00 2.958416116917946646e-05 5.041603672312113676e-02
1.000000000000000000e+00 8.105798766774685409e-04 5.777090796756616520e-01
1.000000000000000000e+00 1.807458459570583154e-04 6.892934897092080071e-01
1.000000000000000000e+00 7.752843693045753366e-05 5.415588961972556126e-01
1.000000000000000000e+00 7.434343773391919675e-05 6.253100568862698383e-01
1.000000000000000000e+00 1.751434964357257728e-05 1.638395489858122112e-01
1.000000000000000000e+00 6.142809715603399654e-06 2.256391856406504345e-02
1.000000000000000000e+00 3.343209491676561046e-05 1.707835214207910068e-01
1.000000000000000000e+00 8.822712198870043395e-04 6.049422853464894168e-01
1.000000000000000000e+00 3.312594286255778823e-04 4.656702306063552066e-01
2.000000000000000000e+00 3.658810986281113567e-06 3.179200356193558341e-01
1.000000000000000000e+00 4.200842128280706900e-05 1.823898526779276219e-01
1.000000000000000000e+00 1.040248072937990221e-04 2.335325890635632506e-01
1.000000000000000000e+00 1.883436008935752092e-04 2.663226726652088705e-01
1.000000000000000000e+00 2.082000771133781750e-04 7.388934055730429495e-01
1.000000000000000000e+00 2.237596124879362067e-04 9.312167951627743356e-01
1.000000000000000000e+00 1.415112909196294044e-04 2.201198031694451829e-01
1.000000000000000000e+00 1.718462455523920464e-05 4.681852605444000726e-02
1.000000000000000000e+00 1.779213458631208724e-03 9.657579630292121298e-01
2.000000000000000000e+00 1.744109717662718946e-05 2.581543839413357189e-01
1.000000000000000000e+00 2.777702088248570089e-05 2.910744579396556952e-01
2.000000000000000000e+00 5.919069849358453336e-06 9.250866080896130716e-02
1.000000000000000000e+00 7.354613542577790881e-05 3.370989420479842402e-01
2.000000000000000000e+00 8.175042240448149455e-06 3.533646519683452114e-01
1.000000000000000000e+00 7.923526732911494966e-05 5.691537057460309690e-01
