1.000000000000000000e+00 2.133131436967228105e-04 4.474407981472919293e-01
1.000000000000000000e+00 3.065813389185142092e-08 5.471615910247743837e-05
1.000000000000000000e+00 5.527134609443691863e-04 7.173598552044203602e-01
1.000000000000000000e+00 7.547241501980987835e-06 2.445500917796498280e-02
1.000000000000000000e+00 3.652893820638445158e-04 6.101828901418250295e-01
2.000000000000000000e+00 6.327549703919529023e-04 8.867013821544714736e-01
1.000000000000000000e+00 1.060543691403044138e-03 6.617678344655286704e-01
2.000000000000000000e+00 7.834026621593738189e-05 1.224330346718611046e-01
1.000000000000000000e+00 7.929997465408428854e-05 2.088456574310797453e-01
1.000000000000000000e+00 4.773004174452287755e-04 6.857601352224758084e-01
1.000000000000000000e+00 2.822067377043175154e-04 5.242053304122307189e-01
1.000000000000000000e+00 2.503419737074907836e-04 3.892786348780724048e-01
1.000000000000000000e+00 3.622185710791940593e-04 8.470036059883016000e-01
1.000000000000000000e+00 1.823833376526199398e-04 8.746401613721930257e-01
2.000000000000000000e+00 4.385459659168331544e-04 8.125580540102733673e-01
1.000000000000000000e+00 3.256742696001565704e-05 1.050571385686134840e-01
1.000000000000000000e+00 1.008752466028862223e-04 2.297009872698353161e-01
1.000000000000000000e+00 6.442859436467940348e-04 5.867566599917564130e-01
1.000000000000000000e+00 2.060320361480442224e-05 9.650827198473996837e-01
1.000000000000000000e+00 3.350550862934447306e-04 9.555735411049963712e-01
2.000000000000000000e+00 5.215614000838191246e-06 4.765633868137106322e-02
2.000000000000000000e+00 9.328658266133323150e-05 6.618800942730455050e-01
2.000000000000000000e+00 1.596050890802702335e-05 2.119598440973479436e-01
2.000000000000000000e+00 5.216896038593724571e-06 6.955654747766365498e-02
2.000000000000000000e+00 9.774682313419214911e-08 1.851142682106996114e-04
2.000000000000000000e+00 3.962595129350137572e-06 3.593395403597316601e-02
1.000000000000000000e+00 6.670035582083968205e-04 9.540410500362076496e-01
1.000000000000000000e+00 7.603256270567341829e-04 9.012161258755875259e-01
1.000000000000000000e+00 1.157095195246066839e-03 8.348805993690020522e-01
1.000000000000000000e+00 8.695963051664818604e-04 7.856815344820976543e-01
1.000000000000000000e+00 2.595949093188179988e-05 3.760393223824833042e-02
1.000000000000000000e+00 1.030616928171768434e-03 6.915690369999507592e-01
1.000000000000000000e+00 3.105802175761665810e-04 6.623561966876466700e-01
1.000000000000000000e+00 8.011420485433634695e-05 5.538085876941093444e-01
1.000000000000000000e+00 7.661730182130364235e-05 6.099043860731168110e-01
1.000000000000000000e+00 1.558732547181831472e-05 1.236448795828387071e-01
1.000000000000000000e+00 6.484648784674019339e-06 2.483761306569974570e-02
1.000000000000000000e+00 3.819806164978503812e-05 1.912577919726105580e-01
1.000000000000000000e+00 8.665195506972031732e-04 6.560397582485495427e-01
1.000000000000000000e+00 2.781586389496762380e-04 3.275479584722514881e-01
2.000000000000000000e+00 4.989521768146460912e-06 3.262489465118341148e-01
1.000000000000000000e+00 4.767300010227685917e-05 1.996025737072354422e-01
1.000000000000000000e+00 1.042919264914262165e-04 2.248507911739724974e-01
1.000000000000000000e+00 1.868324563147779585e-04 2.537497136889426685e-01
1.000000000000000000e+00 1.736073990414485049e-04 6.058818521517642663e-01
1.000000000000000000e+00 2.628254185119278637e-04 9.295226018556852488e-01
1.000000000000000000e+00 2.031794362771645692e-04 3.547607368163857577e-01
1.000000000000000000e+00 1.851712206298404805e-05 5.044885412367524496e-02
1.000000000000000000e+00 1.847865613088646875e-03 9.705342052036282086e-01
2.000000000000000000e+00 2.377231165288734381e-05 3.214067163274820782e-01
1.000000000000000000e+00 2.361431074178882834e-05 2.098011942051568601e-01
2.000000000000000000e+00 5.478591332392946895e-06 7.359180266727009812e-02
1.000000000000000000e+00 6.236500487989641715e-05 2.962979115109803940e-01
2.000000000000000000e+00 4.523017594375121901e-06 8.550130913787695741e-02
1.000000000000000000e+00 6.694832751338370596e-05 4.941640044620261296e-01
