1.000000000000000000e+00 2.262046824718208689e-04 4.642491651924719465e-01
1.000000000000000000e+00 2.665827150153714484e-08 5.116832361481292088e-05
1.000000000000000000e+00 5.874411803793773033e-04 7.032713012553508669e-01
1.000000000000000000e+00 7.618349537152332090e-06 2.472287403572662190e-02
1.000000000000000000e+00 3.733020958475576447e-04 5.621298566942585229e-01
2.000000000000000000e+00 6.678716613079791918e-04 9.193065648000443568e-01
1.000000000000000000e+00 1.099739571624046459e-03 6.336990946996655660e-01
2.000000000000000000e+00 8.021513257832173769e-05 1.264350805946896639e-01
1.000000000000000000e+00 7.131641410154943028e-05 1.966147794574483187e-01
1.000000000000000000e+00 5.181948876130732439e-04 6.327531739854413972e-01
1.000000000000000000e+00 2.917180997075438176e-04 5.091039251076630023e-01
1.000000000000000000e+00 2.639225905458972158e-04 4.004202028777250622e-01
1.000000000000000000e+00 4.211884358908395565e-04 9.349001890531997150e-01
1.000000000000000000e+00 1.947109952376408458e-04 8.646950537228517142e-01
2.000000000000000000e+00 5.013589980890444976e-04 7.724480323471525356e-01
1.000000000000000000e+00 3.114244401327214795e-05 9.612997376159732044e-02
1.000000000000000000e+00 9.607926527859440597e-05 2.133414197649023403e-01
1.000000000000000000e+00 6.023664880441285605e-04 6.059880909931946169e-01
1.000000000000000000e+00 2.333730394038449499e-05 9.673030287300855568e-01
1.000000000000000000e+00 3.847245857643710612e-04 9.477691730951526283e-01
2.000000000000000000e+00 4.796830201448814106e-06 4.249095588863469053e-02
2.000000000000000000e+00 9.163356428479627969e-05 6.828970594238537029e-01
2.000000000000000000e+00 1.432756333792460776e-05 1.990960573864546668e-01
2.000000000000000000e+00 7.485883238417459501e-06 1.124533670027203780e-01
2.000000000000000000e+00 1.028983094062384791e-07 1.974279643615201832e-04
2.000000000000000000e+00 4.159535829957445385e-06 4.111290379708731901e-02
1.000000000000000000e+00 7.031111505959836789e-04 9.492879346304127219e-01
1.000000000000000000e+00 7.577479294749570916e-04 9.043684425675588834e-01
1.000000000000000000e+00 1.213393225703469479e-03 8.373477534758513308e-01
1.000000000000000000e+00 8.294397013607442875e-04 8.059164424321849651e-01
1.000000000000000000e+00 2.537423236941677672e-05 3.620604581550151274e-02
1.000000000000000000e+00 8.933061372585829329e-04 5.753188296552225189e-01
1.000000000000000000e+00 2.796821728547303765e-04 6.875565557162105490e-01
1.000000000000000000e+00 7.546937252047624994e-05 4.867497554593323561e-01
1.000000000000000000e+00 7.165748498231417761e-05 5.458510942999180715e-01
1.000000000000000000e+00 1.338388118180404699e-05 1.127296368450581565e-01
1.000000000000000000e+00 5.861457328159633437e-06 2.212949388886256002e-02
1.000000000000000000e+00 3.288980493325489992e-05 1.482147053672221715e-01
1.000000000000000000e+00 8.737223791076199246e-04 6.489857972446629875e-01
1.000000000000000000e+00 2.520515193112972418e-04 3.062928155509163641e-01
2.000000000000000000e+00 4.474592042299701476e-06 3.251642413046373359e-01
1.000000000000000000e+00 3.996215091211172685e-05 1.603483536336997028e-01
1.000000000000000000e+00 1.007999400825251662e-04 2.141973884994322064e-01
1.000000000000000000e+00 1.883360914169565181e-04 2.472824912194803715e-01
1.000000000000000000e+00 2.186560051905694522e-04 7.316961964808296193e-01
1.000000000000000000e+00 2.898411718120090020e-04 9.149670929337747616e-01
1.000000000000000000e+00 1.795212255528411116e-04 2.918827653502002462e-01
1.000000000000000000e+00 1.594010914463328947e-05 4.273354374096736963e-02
1.000000000000000000e+00 1.846331718907130324e-03 9.614413407565124414e-01
2.000000000000000000e+00 2.276218697848112946e-05 3.149767099098546019e-01
1.000000000000000000e+00 2.494037827160556562e-05 2.339593317166087649e-01
2.000000000000000000e+00 5.504948202651544261e-06 7.471400937204276949e-02
1.000000000000000000e+00 5.160950183700821459e-05 2.575711440850009248e-01
2.000000000000000000e+00 4.556630250609177586e-06 9.817372699323617669e-02
1.000000000000000000e+00 6.323454544050872929e-05 4.687560929906208762e-01
