1.000000000000000000e+00 2.208297236670522768e-04 4.583507823339336706e-01
1.000000000000000000e+00 2.799457082760784021e-08 5.037899716041811137e-05
1.000000000000000000e+00 5.696316520450291033e-04 7.133786817991922824e-01
1.000000000000000000e+00 7.446147103304361843e-06 2.423952084545230590e-02
1.000000000000000000e+00 3.708996151625964274e-04 5.912833082659647577e-01
2.000000000000000000e+00 6.588574491377738448e-04 9.191000190699732952e-01
1.000000000000000000e+00 1.074052216441320198e-03 6.507447243906495649e-01
2.000000000000000000e+00 7.998266663221513539e-05 1.257428255386534854e-01
1.000000000000000000e+00 7.823194269711901904e-05 2.063144867293467966e-01
1.000000000000000000e+00 4.911956585365154010e-04 6.667711112476344404e-01
1.000000000000000000e+00 2.867760331392607380e-04 5.222221304723112523e-01
1.000000000000000000e+00 2.593411549070537736e-04 3.984356656796639862e-01
1.000000000000000000e+00 3.799508217891498516e-04 8.824707649180685287e-01
1.000000000000000000e+00 1.853506562534099913e-04 8.721285254440118706e-01
2.000000000000000000e+00 4.565167635995674386e-04 8.015054788166859900e-01
1.000000000000000000e+00 3.211287830563115306e-05 1.023257231854017152e-01
1.000000000000000000e+00 9.909089658205220085e-05 2.238658853899440637e-01
1.000000000000000000e+00 6.178914264363794505e-04 5.693367919472213101e-01
1.000000000000000000e+00 2.151104700530650872e-05 9.707942375678021429e-01
1.000000000000000000e+00 3.515830647206504814e-04 9.530885176200762920e-01
2.000000000000000000e+00 5.051614390589245192e-06 4.530749966411389690e-02
2.000000000000000000e+00 9.074297041498864723e-05 6.635829260432939414e-01
2.000000000000000000e+00 1.536013674418138279e-05 2.067094228984134308e-01
2.000000000000000000e+00 5.206319882567917318e-06 6.952232469728064634e-02
2.000000000000000000e+00 9.948920016653212616e-08 1.893293374244081194e-04
2.000000000000000000e+00 4.049976984330133338e-06 3.868098970211478194e-02
1.000000000000000000e+00 6.781866982286002647e-04 9.527516644340637830e-01
1.000000000000000000e+00 7.590785226540620097e-04 9.020345223220839204e-01
1.000000000000000000e+00 1.177169225330179257e-03 8.379670530699654396e-01
1.000000000000000000e+00 8.603474654649161980e-04 7.924971073710971314e-01
1.000000000000000000e+00 2.612115777123075137e-05 3.752514314761011549e-02
1.000000000000000000e+00 9.138501235419631318e-04 6.182726373681691756e-01
1.000000000000000000e+00 3.022233150806211089e-04 6.741149468972827963e-01
1.000000000000000000e+00 7.864372878155077200e-05 5.316654697138574193e-01
1.000000000000000000e+00 7.488543785747834160e-05 5.886657429651266371e-01
1.000000000000000000e+00 1.400162166097898302e-05 1.135510553580319215e-01
1.000000000000000000e+00 6.255095984302306361e-06 2.385168312631322923e-02
1.000000000000000000e+00 3.579830745189949560e-05 1.726388234873284244e-01
1.000000000000000000e+00 8.671704890098610400e-04 6.559198500229379558e-01
1.000000000000000000e+00 2.685164242958941569e-04 3.180476039729469573e-01
2.000000000000000000e+00 4.807586147329256289e-06 3.321088661116486374e-01
1.000000000000000000e+00 4.563078374941449775e-05 1.899239354678272373e-01
1.000000000000000000e+00 1.026526166481796682e-04 2.220641208423307089e-01
1.000000000000000000e+00 1.859729011203208190e-04 2.502254371546734912e-01
1.000000000000000000e+00 1.880738310826240794e-04 6.466695228012300234e-01
1.000000000000000000e+00 2.711003784200032626e-04 9.228866464708976869e-01
1.000000000000000000e+00 1.949618715464875463e-04 3.309835363561834942e-01
1.000000000000000000e+00 1.750427527478231216e-05 4.729190469578408579e-02
1.000000000000000000e+00 1.836749556352899881e-03 9.667341748542835900e-01
2.000000000000000000e+00 2.342884261286294704e-05 3.205427639217047209e-01
1.000000000000000000e+00 2.335451090158559138e-05 2.075045218507678424e-01
2.000000000000000000e+00 5.840845534909830540e-06 7.949820414171529515e-02
1.000000000000000000e+00 5.441177863118886018e-05 2.570266933889001626e-01
2.000000000000000000e+00 4.523799670173971743e-06 9.037625522755171614e-02
1.000000000000000000e+00 6.488111159143390596e-05 4.829526492023799022e-01
