1.000000000000000000e+00 2.636932782172463985e-04 7.802153202406240107e-01
1.000000000000000000e+00 3.004635571552059618e-06 5.585567442066169744e-03
1.000000000000000000e+00 4.620582023985167833e-04 7.050056086229512520e-01
1.000000000000000000e+00 1.932627000472585046e-05 7.364421487393579824e-02
1.000000000000000000e+00 3.561464134169981194e-04 4.909215788995106022e-01
2.000000000000000000e+00 5.009577971052626630e-04 9.404571758052541197e-01
1.000000000000000000e+00 7.774374880695668214e-04 7.439528722115025250e-01
2.000000000000000000e+00 1.824282699740148461e-04 4.490158931515166874e-01
1.000000000000000000e+00 5.950267973745902836e-05 1.787423101645040924e-01
1.000000000000000000e+00 1.353909526038156431e-04 3.173124182529957760e-01
1.000000000000000000e+00 2.719506612119854702e-04 6.333080249180101928e-01
1.000000000000000000e+00 2.923842581373089708e-04 6.028189569920662239e-01
1.000000000000000000e+00 2.691425706858125095e-04 8.964800688655185645e-01
1.000000000000000000e+00 9.150260184464678408e-05 8.963058161337110752e-01
2.000000000000000000e+00 5.604115379174882472e-04 8.320146806288560848e-01
1.000000000000000000e+00 5.892686926756135192e-05 1.329208309538585930e-01
1.000000000000000000e+00 1.231111778320690244e-04 3.984385699246859036e-01
1.000000000000000000e+00 3.411342131600057499e-04 6.935332917281797904e-01
1.000000000000000000e+00 2.467117945134030088e-05 8.280732080910907511e-01
1.000000000000000000e+00 1.102058082047964829e-04 9.805458857397861827e-01
2.000000000000000000e+00 6.550001340036712272e-06 9.132456819584323926e-02
2.000000000000000000e+00 7.786877418074564109e-05 7.723998843360430078e-01
2.000000000000000000e+00 2.610184884522491410e-05 3.669108971471868319e-01
2.000000000000000000e+00 1.546454786591828134e-05 3.017417108984786767e-01
2.000000000000000000e+00 6.827656358289060321e-06 2.868734631663445722e-02
2.000000000000000000e+00 8.356591781996980969e-06 2.084587351800556709e-01
1.000000000000000000e+00 2.628411042491620234e-04 9.765016285679529728e-01
1.000000000000000000e+00 2.888747877871648741e-04 8.098807230661853040e-01
1.000000000000000000e+00 9.644666977953590160e-04 9.812373967670706687e-01
1.000000000000000000e+00 5.421390241849333201e-04 9.365022827129845240e-01
1.000000000000000000e+00 4.595798869325055469e-05 1.154775478780211695e-01
1.000000000000000000e+00 8.652484143763490912e-04 8.322853618924244135e-01
1.000000000000000000e+00 2.245765700466616883e-04 8.903711065927117918e-01
1.000000000000000000e+00 7.249738614549084781e-05 6.887733495494929858e-01
1.000000000000000000e+00 6.296450821492228286e-05 6.106714903544107065e-01
1.000000000000000000e+00 3.469366035052265652e-06 2.344909476220481681e-02
1.000000000000000000e+00 1.346854612420547655e-05 8.820321416631422828e-02
1.000000000000000000e+00 7.245286832473855887e-05 3.370714089663792712e-01
1.000000000000000000e+00 6.802170965783362533e-04 7.819843262939536466e-01
1.000000000000000000e+00 2.551595094328459792e-04 3.401536763571672006e-01
2.000000000000000000e+00 2.082197488613348353e-06 1.603347559443113468e-01
1.000000000000000000e+00 3.853029007161391708e-05 1.609809165544514864e-01
1.000000000000000000e+00 1.154181561009675320e-04 5.410020529666260680e-01
1.000000000000000000e+00 2.083609269337821082e-04 4.842896754327516984e-01
1.000000000000000000e+00 2.767132649133223900e-04 9.049428687207067279e-01
1.000000000000000000e+00 1.103512948787692849e-04 9.587013050279595827e-01
1.000000000000000000e+00 2.133413833812562960e-04 4.528686488212886330e-01
1.000000000000000000e+00 2.882349172778528890e-05 8.747682461455974501e-02
1.000000000000000000e+00 1.077171690548430752e-03 9.730280473669927765e-01
2.000000000000000000e+00 2.404536482897239223e-05 3.103372373128272521e-01
1.000000000000000000e+00 3.475471204954285609e-05 4.371136447890041632e-01
2.000000000000000000e+00 9.477620900233015068e-06 1.757884067345417689e-01
1.000000000000000000e+00 6.291484360628514375e-05 3.401910090314872459e-01
2.000000000000000000e+00 1.719975893569045198e-05 8.376934210326791863e-01
1.000000000000000000e+00 5.842700363936240642e-05 4.954163100796892816e-01
