1.000000000000000000e+00 2.269086420182007046e-04 4.633269192156490579e-01
1.000000000000000000e+00 2.790984063032115429e-08 5.219609074078292925e-05
1.000000000000000000e+00 5.988442218725895973e-04 6.866687661587042024e-01
1.000000000000000000e+00 7.661082933002919763e-06 2.449965772056534458e-02
1.000000000000000000e+00 3.664985276359513018e-04 5.386059028360203893e-01
2.000000000000000000e+00 6.802519355260137424e-04 9.197683923984705245e-01
1.000000000000000000e+00 1.122162312314443737e-03 6.209543681848336272e-01
2.000000000000000000e+00 7.929244394589600800e-05 1.244921863599017103e-01
1.000000000000000000e+00 6.645831324825912526e-05 1.696013100606006407e-01
1.000000000000000000e+00 5.423458700831236719e-04 6.032664001037505441e-01
1.000000000000000000e+00 2.945852966504411766e-04 4.930024010232048060e-01
1.000000000000000000e+00 2.541400516007541899e-04 3.788046861966858914e-01
1.000000000000000000e+00 4.725108137334038346e-04 9.632594275770204328e-01
1.000000000000000000e+00 2.129759815588124600e-04 8.521432675428429748e-01
2.000000000000000000e+00 5.425217746869646614e-04 7.425386458277203339e-01
1.000000000000000000e+00 3.032208826347032273e-05 8.702627306669243057e-02
1.000000000000000000e+00 9.319311866830440425e-05 2.018169497622296082e-01
1.000000000000000000e+00 5.802434038162569436e-04 5.742131220200937802e-01
1.000000000000000000e+00 2.548407291511117962e-05 9.629284939233718754e-01
1.000000000000000000e+00 4.168722269823451265e-04 9.420895482420392764e-01
2.000000000000000000e+00 4.867231902077181284e-06 4.958528208467113257e-02
2.000000000000000000e+00 8.928135159061972436e-05 6.711355263063584209e-01
2.000000000000000000e+00 1.559823233283014478e-05 1.968652657814889129e-01
2.000000000000000000e+00 5.902635312038595283e-06 8.070509176205525881e-02
2.000000000000000000e+00 1.066722311259690009e-07 2.056699946204424974e-04
2.000000000000000000e+00 4.049754361867896745e-06 4.365831140600059945e-02
1.000000000000000000e+00 7.339038222861632562e-04 9.456244212246686098e-01
1.000000000000000000e+00 7.654288787449499247e-04 9.079343534394000992e-01
1.000000000000000000e+00 1.247627610568858127e-03 8.339943080679231846e-01
1.000000000000000000e+00 8.269781786246688986e-04 8.136264921378921766e-01
1.000000000000000000e+00 2.382292133391222865e-05 3.378060320967575525e-02
1.000000000000000000e+00 8.982318973342328381e-04 5.995411119909285214e-01
1.000000000000000000e+00 2.857747549680825488e-04 6.938076547759977064e-01
1.000000000000000000e+00 7.236049232266862684e-05 4.412012203694835599e-01
1.000000000000000000e+00 6.953692836391730918e-05 5.008143707272297851e-01
1.000000000000000000e+00 9.756362072980348250e-06 8.170981559765350122e-02
1.000000000000000000e+00 5.428307600977315736e-06 2.064320583781856927e-02
1.000000000000000000e+00 2.886793492844287441e-05 1.216687798008218024e-01
1.000000000000000000e+00 8.831331908195199374e-04 6.418768255070026463e-01
1.000000000000000000e+00 2.343372105382493672e-04 2.911196378110905147e-01
2.000000000000000000e+00 4.394711113181600910e-06 3.048885016645651036e-01
1.000000000000000000e+00 3.473219968936902275e-05 1.315034741475944458e-01
1.000000000000000000e+00 9.864899190150305331e-05 2.025317260707388267e-01
1.000000000000000000e+00 1.899743044480096434e-04 2.406205997659869866e-01
1.000000000000000000e+00 2.519490790207611899e-04 8.438372191523302313e-01
1.000000000000000000e+00 3.246532436164958424e-04 9.022856025725034534e-01
1.000000000000000000e+00 1.678833844495905352e-04 2.651218327621723270e-01
1.000000000000000000e+00 1.433087234372783553e-05 3.777639387465601961e-02
1.000000000000000000e+00 1.871678297278291277e-03 9.551164178557526308e-01
2.000000000000000000e+00 2.430316505973128174e-05 3.246196309131317848e-01
1.000000000000000000e+00 2.504184263603933682e-05 2.501243874067441975e-01
2.000000000000000000e+00 5.257108580642131680e-06 6.905562445458232612e-02
1.000000000000000000e+00 4.741787274146658276e-05 2.269699997316580731e-01
2.000000000000000000e+00 4.400475436729759425e-06 9.821907358809502109e-02
1.000000000000000000e+00 6.175424829156663355e-05 4.377934009339238819e-01
