1.000000000000000000e+00 2.038330132212808391e-04 4.125622258589611291e-01
1.000000000000000000e+00 8.028341243558197219e-08 1.052503451213524053e-04
1.000000000000000000e+00 5.523353127892827999e-04 7.454864376362370093e-01
1.000000000000000000e+00 6.443689729197688319e-06 2.019355927143433316e-02
1.000000000000000000e+00 3.810066026186462586e-04 5.914291477525421836e-01
2.000000000000000000e+00 5.178369567659379946e-04 8.879001508555821598e-01
1.000000000000000000e+00 1.049782611954224463e-03 6.732149870271068037e-01
2.000000000000000000e+00 7.539894753698896048e-05 1.229318347614828527e-01
1.000000000000000000e+00 5.557010281318064930e-05 1.320462468428539593e-01
1.000000000000000000e+00 5.219078397998062500e-04 6.783480004152010467e-01
1.000000000000000000e+00 2.858008342625053318e-04 5.125385026967541613e-01
1.000000000000000000e+00 2.381441002080505456e-04 3.546388593777992093e-01
1.000000000000000000e+00 4.632124916104980337e-04 9.190492512811643255e-01
1.000000000000000000e+00 1.982954160330541421e-04 8.548860559163706796e-01
2.000000000000000000e+00 5.261768260295733536e-04 7.718822762183336073e-01
1.000000000000000000e+00 3.006794353421906674e-05 9.943679337350122549e-02
1.000000000000000000e+00 1.061274225883739302e-04 2.360992304014943033e-01
1.000000000000000000e+00 5.426050282297476815e-04 6.028194673516722446e-01
1.000000000000000000e+00 1.939613506240308352e-05 9.024748272606500921e-01
1.000000000000000000e+00 3.375225832050298812e-04 9.569089856256101090e-01
2.000000000000000000e+00 4.969942397939020731e-06 4.764089741514743181e-02
2.000000000000000000e+00 8.859693963621812093e-05 6.034578621771006235e-01
2.000000000000000000e+00 1.529052882976913370e-05 1.608678519455029876e-01
2.000000000000000000e+00 6.447513392116504277e-06 7.902491314885047580e-02
2.000000000000000000e+00 1.021806273311418832e-07 1.930748374414006235e-04
2.000000000000000000e+00 4.967879243087326231e-06 7.737658567067495774e-02
1.000000000000000000e+00 6.818851928478346196e-04 9.546144439020264327e-01
1.000000000000000000e+00 7.996245497794288778e-04 8.956432392940413267e-01
1.000000000000000000e+00 1.174818401781804874e-03 7.961669925061595210e-01
1.000000000000000000e+00 8.093430635383703315e-04 7.222667942313862888e-01
1.000000000000000000e+00 2.657750150403159731e-05 3.950929504869900299e-02
1.000000000000000000e+00 8.171156791016986887e-04 7.050233502296300303e-01
1.000000000000000000e+00 2.616156748624784358e-04 5.827614183641431911e-01
1.000000000000000000e+00 8.280606256505317455e-05 5.428643316660001217e-01
1.000000000000000000e+00 8.092701978333822262e-05 5.776970801406486888e-01
1.000000000000000000e+00 1.304086554981461722e-05 1.115823358793594094e-01
1.000000000000000000e+00 6.606561909488423109e-06 2.488797332918283450e-02
1.000000000000000000e+00 3.764506929747290750e-05 1.864670911322089120e-01
1.000000000000000000e+00 8.435039709520079270e-04 5.661483041161093910e-01
1.000000000000000000e+00 3.049392493037887154e-04 3.532633455564087588e-01
2.000000000000000000e+00 3.260554704363030461e-06 2.296359963712916730e-01
1.000000000000000000e+00 3.323868928271741976e-05 1.275579890456471910e-01
1.000000000000000000e+00 9.839136823204727158e-05 2.013052788414194105e-01
1.000000000000000000e+00 1.827505228945057946e-04 2.243477913083545550e-01
1.000000000000000000e+00 1.839559106470495448e-04 6.234512686244858548e-01
1.000000000000000000e+00 2.767114569582574345e-04 8.987053107938238750e-01
1.000000000000000000e+00 1.642552660031930021e-04 2.462700627231391715e-01
1.000000000000000000e+00 1.880135006448795134e-05 4.901228225893020096e-02
1.000000000000000000e+00 1.903727535711325801e-03 9.703039488306102189e-01
2.000000000000000000e+00 3.829459067964683316e-05 4.572773130746290993e-01
1.000000000000000000e+00 2.616283356347714502e-05 2.120434897078492253e-01
2.000000000000000000e+00 3.786454399236352206e-06 4.770518923932681038e-02
1.000000000000000000e+00 4.568179622988538155e-05 2.384389090892923280e-01
2.000000000000000000e+00 6.862074398075777687e-06 1.538784936285768623e-01
1.000000000000000000e+00 6.817230938626528847e-05 5.160587493736724651e-01
