1.000000000000000000e+00 2.272855511750195554e-04 4.647270199252137579e-01
1.000000000000000000e+00 3.318371478327160516e-08 6.358703824631705586e-05
1.000000000000000000e+00 5.988728317268826465e-04 6.823936063117947981e-01
1.000000000000000000e+00 7.870448048961644846e-06 2.497596046860126387e-02
1.000000000000000000e+00 3.738386618865800304e-04 5.323767150479298271e-01
2.000000000000000000e+00 6.586771405001643279e-04 9.094318656905835407e-01
1.000000000000000000e+00 1.094331882565196959e-03 6.063871092384462980e-01
2.000000000000000000e+00 7.827617710080337667e-05 1.243714552541210216e-01
1.000000000000000000e+00 6.244631505426570767e-05 1.532858721744960462e-01
1.000000000000000000e+00 5.555663755966227732e-04 5.878468699170833478e-01
1.000000000000000000e+00 2.925340112341461019e-04 4.920879508518841705e-01
1.000000000000000000e+00 2.530544477409935934e-04 3.807336034518212786e-01
1.000000000000000000e+00 4.921296592739298316e-04 9.707818308602575996e-01
1.000000000000000000e+00 2.118028834536592707e-04 8.522627719033410987e-01
2.000000000000000000e+00 6.088187697805307790e-04 7.392513998905653194e-01
1.000000000000000000e+00 3.002681823323819391e-05 8.223450383781777395e-02
1.000000000000000000e+00 9.871641599482652548e-05 2.108396752040703204e-01
1.000000000000000000e+00 5.224442304313676186e-04 6.042906833656732646e-01
1.000000000000000000e+00 2.660467381672563649e-05 9.609184676081218290e-01
1.000000000000000000e+00 4.312762339656201751e-04 9.396452810071900252e-01
2.000000000000000000e+00 4.610264479755433255e-06 4.060835409334984103e-02
2.000000000000000000e+00 9.041803289759561834e-05 7.027784319027993165e-01
2.000000000000000000e+00 1.252477803731114292e-05 1.946837917451216815e-01
2.000000000000000000e+00 8.472906592083048191e-06 1.329089717070607302e-01
2.000000000000000000e+00 1.067742140029326489e-07 2.045794946795299852e-04
2.000000000000000000e+00 3.874888451482654286e-06 4.238284147053107687e-02
1.000000000000000000e+00 7.354745995925499394e-04 9.436737286440796124e-01
1.000000000000000000e+00 7.376927520315759799e-04 9.143377882610893570e-01
1.000000000000000000e+00 1.226172773883699727e-03 8.166883067041970090e-01
1.000000000000000000e+00 7.723820028522686114e-04 8.309269270663837137e-01
1.000000000000000000e+00 2.379272811343778631e-05 3.644494524184352380e-02
1.000000000000000000e+00 9.406242211712256872e-04 6.270958080776714016e-01
1.000000000000000000e+00 2.386520583727720071e-04 6.983650842173098061e-01
1.000000000000000000e+00 7.063928064563625956e-05 4.233609665157245239e-01
1.000000000000000000e+00 6.872439051544730550e-05 4.941664057989451631e-01
1.000000000000000000e+00 1.013689714388661120e-05 9.130698672140213912e-02
1.000000000000000000e+00 5.208343922881731278e-06 1.972275608234717176e-02
1.000000000000000000e+00 2.776277697252326591e-05 1.170520494481191859e-01
1.000000000000000000e+00 8.927340698245377071e-04 6.215498411425777192e-01
1.000000000000000000e+00 2.310302316633747514e-04 2.978720033635298692e-01
2.000000000000000000e+00 4.000035863478301716e-06 2.970811915198490194e-01
1.000000000000000000e+00 3.170161812121888924e-05 1.190151532743165125e-01
1.000000000000000000e+00 9.847862033665648806e-05 2.003660427603929928e-01
1.000000000000000000e+00 1.917320035787435162e-04 2.431234423511209330e-01
1.000000000000000000e+00 2.707624617802878030e-04 8.820883936920571600e-01
1.000000000000000000e+00 3.236661221046987624e-04 8.992377160409108505e-01
1.000000000000000000e+00 1.568862848092459998e-04 2.421030542691786636e-01
1.000000000000000000e+00 1.378661649972822396e-05 3.631668319747662077e-02
1.000000000000000000e+00 1.872289387295752615e-03 9.514239870612603012e-01
2.000000000000000000e+00 2.124654531433286663e-05 3.029275907983127736e-01
1.000000000000000000e+00 2.654409413957472850e-05 2.832039630640509897e-01
2.000000000000000000e+00 5.493963400194593585e-06 8.452965361869556327e-02
1.000000000000000000e+00 5.637171621002522582e-05 2.646367303093924428e-01
2.000000000000000000e+00 5.621470076748005229e-06 1.781235526088263965e-01
1.000000000000000000e+00 6.398160168073024586e-05 4.502146749960653782e-01
