1.000000000000000000e+00 2.226686904520180726e-04 4.583391468995665630e-01
1.000000000000000000e+00 2.944687691877778842e-08 5.418202822102792201e-05
1.000000000000000000e+00 5.875977851217113832e-04 6.919392081209525536e-01
1.000000000000000000e+00 7.617194044193353577e-06 2.455622639636503499e-02
1.000000000000000000e+00 3.641894501040601490e-04 5.583209583423424105e-01
2.000000000000000000e+00 6.655702304423904156e-04 9.180342248295284557e-01
1.000000000000000000e+00 1.111439846130327785e-03 6.263815707422024648e-01
2.000000000000000000e+00 7.861653297460777386e-05 1.231666404108304747e-01
1.000000000000000000e+00 6.933798063347891029e-05 1.768702010204491193e-01
1.000000000000000000e+00 5.307960428391819002e-04 6.183893835449919552e-01
1.000000000000000000e+00 2.928949780583366093e-04 4.981261799347324604e-01
1.000000000000000000e+00 2.507029867891229615e-04 3.772455113048729936e-01
1.000000000000000000e+00 4.473078075387509618e-04 9.517047824601044814e-01
1.000000000000000000e+00 2.087900568277126050e-04 8.553822608579489950e-01
2.000000000000000000e+00 5.262851845654385958e-04 7.545465733673347719e-01
1.000000000000000000e+00 3.070927636163737129e-05 9.135846134457994983e-02
1.000000000000000000e+00 9.438380852191393744e-05 2.061134113283115410e-01
1.000000000000000000e+00 5.943738017550019440e-04 5.711739408193072798e-01
1.000000000000000000e+00 2.440207079053362634e-05 9.649025841832367112e-01
1.000000000000000000e+00 4.019150256518957314e-04 9.446545692902399427e-01
2.000000000000000000e+00 4.946316009778091585e-06 4.985493431693261562e-02
2.000000000000000000e+00 8.983357475384157144e-05 6.666968683232483706e-01
2.000000000000000000e+00 1.600048646890316750e-05 1.994954540821738398e-01
2.000000000000000000e+00 5.301748091647544467e-06 6.880894098569580175e-02
2.000000000000000000e+00 1.049690969144723565e-07 2.019852516540331273e-04
2.000000000000000000e+00 3.999481421503656633e-06 4.062269015531549260e-02
1.000000000000000000e+00 7.220827904835487110e-04 9.469270805907691324e-01
1.000000000000000000e+00 7.669980337682866332e-04 9.054449642692691258e-01
1.000000000000000000e+00 1.231486229562341744e-03 8.342369480107520996e-01
1.000000000000000000e+00 8.381682452931157098e-04 8.069213023599555168e-01
1.000000000000000000e+00 2.410637211545166157e-05 3.432339599017292936e-02
1.000000000000000000e+00 9.405551420980125385e-04 6.358471767458370172e-01
1.000000000000000000e+00 2.949499355425815798e-04 6.834227214643099346e-01
1.000000000000000000e+00 7.402393577988918450e-05 4.608148585080299453e-01
1.000000000000000000e+00 7.107653159870730983e-05 5.193654727449275033e-01
1.000000000000000000e+00 1.065997145830872828e-05 8.731798796806375385e-02
1.000000000000000000e+00 5.634833072021137217e-06 2.141134636229793595e-02
1.000000000000000000e+00 3.010975426657891909e-05 1.306865592369926832e-01
1.000000000000000000e+00 8.788331278623077438e-04 6.437510842698372926e-01
1.000000000000000000e+00 2.421833181553816603e-04 2.955623760113606502e-01
2.000000000000000000e+00 4.537452085061175164e-06 3.058243338924880317e-01
1.000000000000000000e+00 3.720713311747459476e-05 1.430563193635357999e-01
1.000000000000000000e+00 9.942714969786572510e-05 2.051491807787704513e-01
1.000000000000000000e+00 1.893836039584987719e-04 2.427135066860079404e-01
1.000000000000000000e+00 2.364208393778504183e-04 7.774564428570338581e-01
1.000000000000000000e+00 3.121389998495115062e-04 9.071805301307792613e-01
1.000000000000000000e+00 1.742551903419133779e-04 2.776160494929220679e-01
1.000000000000000000e+00 1.499063612926859009e-05 3.971376721235160556e-02
1.000000000000000000e+00 1.866859500953631235e-03 9.597164635087297446e-01
2.000000000000000000e+00 2.452903143706450126e-05 3.266870848571017949e-01
1.000000000000000000e+00 2.470676313783267821e-05 2.442932532139562296e-01
2.000000000000000000e+00 5.264265041154765062e-06 6.847420704883529219e-02
1.000000000000000000e+00 5.077567310169311059e-05 2.398921580923927266e-01
2.000000000000000000e+00 4.427836073164960591e-06 9.683513224101009120e-02
1.000000000000000000e+00 6.307152968983593131e-05 4.474995177712606798e-01
