1.000000000000000000e+00 3.007835861311458398e-04 6.235800308321550744e-01
1.000000000000000000e+00 9.715162214465611530e-08 1.855560837939074920e-04
1.000000000000000000e+00 5.550218988623130834e-04 7.163808798737372197e-01
1.000000000000000000e+00 9.911195231008797531e-06 3.253729132426097514e-02
1.000000000000000000e+00 3.750298498561655610e-04 5.547737251705167072e-01
2.000000000000000000e+00 5.867965304391883387e-04 8.822528882623007496e-01
1.000000000000000000e+00 7.428731969983926563e-04 5.047418095152982342e-01
2.000000000000000000e+00 8.773064913077161149e-05 1.518993608774100446e-01
1.000000000000000000e+00 5.038436060872809701e-05 1.008840591809458259e-01
1.000000000000000000e+00 4.431913084689834896e-04 6.341287246167488512e-01
1.000000000000000000e+00 3.061690106435383126e-04 5.742885424744063050e-01
1.000000000000000000e+00 2.960990050770803835e-04 4.562040718120161098e-01
1.000000000000000000e+00 3.380369877956674197e-04 9.408316268534415716e-01
1.000000000000000000e+00 1.592904771599009479e-04 8.863815597657541678e-01
2.000000000000000000e+00 8.456087796121101920e-04 7.964545824679871711e-01
1.000000000000000000e+00 3.128596609099484400e-05 8.693481208977649199e-02
1.000000000000000000e+00 1.215976768360754214e-04 3.021905546460260661e-01
1.000000000000000000e+00 3.370067002822259706e-04 6.197336154072899950e-01
1.000000000000000000e+00 2.363786300360732858e-05 9.627738149501277043e-01
1.000000000000000000e+00 3.653145834003155169e-04 9.501229213920393546e-01
2.000000000000000000e+00 3.708373004373723481e-06 3.404120670333159182e-02
2.000000000000000000e+00 9.045899217377582988e-05 7.525025583544513452e-01
2.000000000000000000e+00 1.416606117473857521e-05 2.060804371373424759e-01
2.000000000000000000e+00 1.172700972459875725e-05 1.887936653618472460e-01
2.000000000000000000e+00 9.627791552127804480e-08 1.837852355279236377e-04
2.000000000000000000e+00 4.240793664152920796e-06 5.438711220359416371e-02
1.000000000000000000e+00 6.154555925930196804e-04 9.570326384754525018e-01
1.000000000000000000e+00 5.263445638375584441e-04 9.519693689677209969e-01
1.000000000000000000e+00 1.364349578683800475e-03 8.100248240882416129e-01
1.000000000000000000e+00 7.985009323090289709e-04 8.586476787100235653e-01
1.000000000000000000e+00 3.055468197909615331e-05 5.237430457939241252e-02
1.000000000000000000e+00 9.386955146458666370e-04 6.431086650682843464e-01
1.000000000000000000e+00 1.673411917572015033e-04 6.319751841393539404e-01
1.000000000000000000e+00 7.474640043285235536e-05 5.173003080435220058e-01
1.000000000000000000e+00 7.389584350272663344e-05 5.878989746002782901e-01
1.000000000000000000e+00 1.201137715428706860e-05 1.205202776898237627e-01
1.000000000000000000e+00 5.837480167800565740e-06 2.168066970599744417e-02
1.000000000000000000e+00 3.763794045821163806e-05 1.857352674573871099e-01
1.000000000000000000e+00 8.764239531554218667e-04 6.311031849469060928e-01
1.000000000000000000e+00 3.062677264725842787e-04 3.826063797059461868e-01
2.000000000000000000e+00 3.187282537875716058e-06 3.534401445667411101e-01
1.000000000000000000e+00 3.671172352805502937e-05 1.564126334563775422e-01
1.000000000000000000e+00 1.005382916888011429e-04 2.237978643999002926e-01
1.000000000000000000e+00 1.946525977892874101e-04 2.874456505778817950e-01
1.000000000000000000e+00 2.409296992427411254e-04 8.591906317565211060e-01
1.000000000000000000e+00 2.253450730272254935e-04 9.404965965566829400e-01
1.000000000000000000e+00 1.435198608555199448e-04 2.254722063998243486e-01
1.000000000000000000e+00 1.519334300130558101e-05 3.898947840672174758e-02
1.000000000000000000e+00 1.805312153052435632e-03 9.614876897139035261e-01
2.000000000000000000e+00 2.061263777421101182e-05 2.690102427564486365e-01
1.000000000000000000e+00 3.516417160705724966e-05 4.303616692408757105e-01
2.000000000000000000e+00 7.192917576200043353e-06 1.218511037049460899e-01
1.000000000000000000e+00 7.423904447367596793e-05 3.452383373370067621e-01
2.000000000000000000e+00 1.233793361022680897e-05 5.472632111956091672e-01
1.000000000000000000e+00 7.021304146095364831e-05 5.449663639135058357e-01
