1.000000000000000000e+00 2.260223425027130793e-04 4.679746250410222741e-01
1.000000000000000000e+00 2.428950827796459162e-08 4.491857076857498751e-05
1.000000000000000000e+00 5.722004209801395593e-04 7.332234373534941563e-01
1.000000000000000000e+00 7.508856355463090255e-06 2.461265611934389252e-02
1.000000000000000000e+00 3.832822225931958090e-04 5.904597939888930336e-01
2.000000000000000000e+00 6.657835926421045315e-04 9.198759780883888348e-01
1.000000000000000000e+00 1.046939912561711296e-03 6.723732926167775847e-01
2.000000000000000000e+00 8.296905997211295345e-05 1.313707735712757452e-01
1.000000000000000000e+00 8.154423695504041836e-05 2.362645440528056140e-01
1.000000000000000000e+00 4.655118136033306988e-04 6.924231079953011569e-01
1.000000000000000000e+00 2.814561975602677024e-04 5.454036932696483264e-01
1.000000000000000000e+00 2.836500103490137295e-04 4.421056756214334360e-01
1.000000000000000000e+00 3.421834177246132818e-04 8.085810827216651786e-01
1.000000000000000000e+00 1.583785860962583388e-04 8.893227056489387827e-01
2.000000000000000000e+00 3.949515378422606849e-04 8.396436926814736523e-01
1.000000000000000000e+00 3.326303588907399670e-05 1.013187827124256146e-01
1.000000000000000000e+00 1.031002369526438385e-04 2.410923467583273583e-01
1.000000000000000000e+00 6.228686609109369268e-04 6.187371688038343365e-01
1.000000000000000000e+00 1.997691410033202846e-05 9.670405659221419370e-01
1.000000000000000000e+00 3.137749565005950995e-04 9.594557200820721388e-01
2.000000000000000000e+00 4.684548501810744645e-06 4.077054837565682877e-02
2.000000000000000000e+00 9.401796803492212405e-05 7.008463452765466561e-01
2.000000000000000000e+00 1.315250076933953104e-05 1.975883149017079177e-01
2.000000000000000000e+00 8.279319440023737123e-06 1.236908227501921503e-01
2.000000000000000000e+00 9.524049601751755170e-08 1.796726155071860960e-04
2.000000000000000000e+00 4.260182936811925369e-06 3.914215503287551967e-02
1.000000000000000000e+00 6.391891490747975049e-04 9.563176308781119461e-01
1.000000000000000000e+00 7.290411639709020028e-04 9.036823600215933006e-01
1.000000000000000000e+00 1.139929053180600360e-03 8.424379428515028634e-01
1.000000000000000000e+00 8.461097815826087998e-04 7.973440060337575463e-01
1.000000000000000000e+00 2.916449263502843034e-05 4.182140231007045600e-02
1.000000000000000000e+00 8.695248430348799604e-04 5.486862424932830162e-01
1.000000000000000000e+00 2.778863145006172015e-04 6.832059896435108692e-01
1.000000000000000000e+00 8.064193507940632362e-05 5.913033593288594680e-01
1.000000000000000000e+00 7.521850805522757827e-05 6.479961238544782454e-01
1.000000000000000000e+00 1.824288133727199480e-05 1.535544071654312837e-01
1.000000000000000000e+00 6.599647932829550302e-06 2.518175477205292917e-02
1.000000000000000000e+00 4.404225375229932034e-05 2.322153404894844730e-01
1.000000000000000000e+00 8.603668038162279839e-04 6.676836360236659829e-01
1.000000000000000000e+00 2.880526998477168465e-04 3.437619490551861445e-01
2.000000000000000000e+00 4.667994961835188742e-06 3.575411441625213627e-01
1.000000000000000000e+00 5.104389333623033336e-05 2.280373078669207798e-01
1.000000000000000000e+00 1.066680806469172339e-04 2.464449389893210995e-01
1.000000000000000000e+00 1.844279119928417341e-04 2.608764571520650333e-01
1.000000000000000000e+00 1.574340967180309068e-04 5.919205841880299523e-01
1.000000000000000000e+00 2.410697357342656715e-04 9.333758490132569863e-01
1.000000000000000000e+00 2.060088485161629688e-04 3.700052396135744548e-01
1.000000000000000000e+00 2.020581305189222783e-05 5.641475830736434466e-02
1.000000000000000000e+00 1.806058654189845883e-03 9.716330915477663366e-01
2.000000000000000000e+00 2.079705964846613288e-05 2.984830977798591523e-01
1.000000000000000000e+00 2.415362829208765182e-05 2.093473582309711145e-01
2.000000000000000000e+00 6.104313349072047118e-06 9.223650777948584623e-02
1.000000000000000000e+00 5.435832198566323330e-05 2.751640790308338969e-01
2.000000000000000000e+00 4.638729312468280232e-06 9.919580723892239271e-02
1.000000000000000000e+00 6.462386659501679644e-05 5.141828348168810958e-01
