1.000000000000000000e+00 2.886443661820500784e-04 5.936019822496958476e-01
1.000000000000000000e+00 9.029022033302373567e-08 1.721812414315698693e-04
1.000000000000000000e+00 5.664051228231816067e-04 7.080671957797168847e-01
1.000000000000000000e+00 9.428394144324620454e-06 3.070683740950468782e-02
1.000000000000000000e+00 3.733737024999062059e-04 5.480503352154632024e-01
2.000000000000000000e+00 5.966574163544234892e-04 8.930767201335974015e-01
1.000000000000000000e+00 8.112300994236204023e-04 5.283195648990098858e-01
2.000000000000000000e+00 8.517242406526309261e-05 1.446562953714704280e-01
1.000000000000000000e+00 5.158551937274804416e-05 1.058132327626767621e-01
1.000000000000000000e+00 4.710309131594027972e-04 6.418484144220185650e-01
1.000000000000000000e+00 3.045194555683099127e-04 5.558371054844160053e-01
1.000000000000000000e+00 2.847941093934919297e-04 4.350011630614725178e-01
1.000000000000000000e+00 3.718686799830881449e-04 9.556266985060116737e-01
1.000000000000000000e+00 1.736647854605361809e-04 8.771533598710666846e-01
2.000000000000000000e+00 8.023422719049548742e-04 7.909836597561817895e-01
1.000000000000000000e+00 3.100766187140793773e-05 8.549855536327823080e-02
1.000000000000000000e+00 1.147375226735782694e-04 2.758279869556855002e-01
1.000000000000000000e+00 3.588053104350998447e-04 6.194904668754388499e-01
1.000000000000000000e+00 2.453317002861685780e-05 9.623128863724080828e-01
1.000000000000000000e+00 3.864812067540255637e-04 9.468469644046813016e-01
2.000000000000000000e+00 3.833814399214564317e-06 3.340125487744158295e-02
2.000000000000000000e+00 9.062648393231141522e-05 7.466991023802925787e-01
2.000000000000000000e+00 1.401943792866832712e-05 2.061864290571751301e-01
2.000000000000000000e+00 1.129601886496661427e-05 1.848867889802751630e-01
2.000000000000000000e+00 9.716424626789182629e-08 1.844795877936601875e-04
2.000000000000000000e+00 4.162792737750494482e-06 5.304105615081523145e-02
1.000000000000000000e+00 6.511111006566425337e-04 9.531037295512722052e-01
1.000000000000000000e+00 5.791117299506274956e-04 9.413661771273790224e-01
1.000000000000000000e+00 1.344225390715856477e-03 8.085786023823612334e-01
1.000000000000000000e+00 7.979333780762013330e-04 8.557865803422284312e-01
1.000000000000000000e+00 2.859361154689922657e-05 4.812710332902140481e-02
1.000000000000000000e+00 9.334325703310927813e-04 6.423870314408222093e-01
1.000000000000000000e+00 1.753930368961053449e-04 6.503417636976730476e-01
1.000000000000000000e+00 7.348090322050822743e-05 4.853550299731901330e-01
1.000000000000000000e+00 7.241664298671802004e-05 5.619211899834515300e-01
1.000000000000000000e+00 1.163296752284403951e-05 1.149593061584525538e-01
1.000000000000000000e+00 5.656371728074058315e-06 2.109901089112178885e-02
1.000000000000000000e+00 3.509480516769469707e-05 1.665380139820364369e-01
1.000000000000000000e+00 8.798456599447148458e-04 6.293496251119451435e-01
1.000000000000000000e+00 2.978336667365862490e-04 3.730728225435326895e-01
2.000000000000000000e+00 3.316521337667194863e-06 3.613901410690363858e-01
1.000000000000000000e+00 3.522772146398775423e-05 1.461592540547530239e-01
1.000000000000000000e+00 9.966945482604620766e-05 2.153138253109776190e-01
1.000000000000000000e+00 1.940502792788212610e-04 2.746346138602514531e-01
1.000000000000000000e+00 2.502707061922914669e-04 8.797966862059576343e-01
1.000000000000000000e+00 2.473412178058481616e-04 9.314830857256004570e-01
1.000000000000000000e+00 1.447206885567735930e-04 2.265470803668127031e-01
1.000000000000000000e+00 1.473459430778195892e-05 3.806049727138830635e-02
1.000000000000000000e+00 1.826858580543204436e-03 9.595191978067924010e-01
2.000000000000000000e+00 2.091477768963122919e-05 2.780176513514583392e-01
1.000000000000000000e+00 3.397879370879988909e-05 4.076570212319114983e-01
2.000000000000000000e+00 6.873320157653728244e-06 1.135113028284453762e-01
1.000000000000000000e+00 7.202457768161108398e-05 3.349423376975189104e-01
2.000000000000000000e+00 1.153784173788190867e-05 4.974010421626463008e-01
1.000000000000000000e+00 6.905439738893567512e-05 5.251703717847996389e-01
