1.000000000000000000e+00 2.264537913150411303e-04 4.631248021041483032e-01
1.000000000000000000e+00 3.228497811784095129e-08 6.202957982240014738e-05
1.000000000000000000e+00 5.996838466606935376e-04 6.816847674749574315e-01
1.000000000000000000e+00 7.832503137558967016e-06 2.486080871674695159e-02
1.000000000000000000e+00 3.723195865116050410e-04 5.311740787933764141e-01
2.000000000000000000e+00 6.636228698216396250e-04 9.072828293593671045e-01
1.000000000000000000e+00 1.128342087219639774e-03 6.136762412142242606e-01
2.000000000000000000e+00 7.847083590562781001e-05 1.239855745620238731e-01
1.000000000000000000e+00 6.263793133556081318e-05 1.592792755542529193e-01
1.000000000000000000e+00 5.552328132676537546e-04 5.880270673707219675e-01
1.000000000000000000e+00 2.922665956653451298e-04 4.909516766920906106e-01
1.000000000000000000e+00 2.522279288203012121e-04 3.791199151542003487e-01
1.000000000000000000e+00 4.942157299247756756e-04 9.707183820448395117e-01
1.000000000000000000e+00 2.135639991613186251e-04 8.517097101980102281e-01
2.000000000000000000e+00 5.643622779642786576e-04 7.329372287171119771e-01
1.000000000000000000e+00 3.003485486392970977e-05 8.214887625812133942e-02
1.000000000000000000e+00 9.707090982820480469e-05 2.068821437373874472e-01
1.000000000000000000e+00 5.527768107708992511e-04 5.934491162742804304e-01
1.000000000000000000e+00 2.660280703504929294e-05 9.609427244395324363e-01
1.000000000000000000e+00 4.312910170616844640e-04 9.395888225770904212e-01
2.000000000000000000e+00 4.654845017237168403e-06 4.193901300833194346e-02
2.000000000000000000e+00 9.167127860094579066e-05 6.978462528598685655e-01
2.000000000000000000e+00 1.288765957761081122e-05 2.001946194636959331e-01
2.000000000000000000e+00 8.090915773235582995e-06 1.237765339094458045e-01
2.000000000000000000e+00 1.089857813644999099e-07 2.094113223944399523e-04
2.000000000000000000e+00 3.929066235793611232e-06 4.315921845359305120e-02
1.000000000000000000e+00 7.398988153713664633e-04 9.433321191094393710e-01
1.000000000000000000e+00 7.479929678549729821e-04 9.130473327391341876e-01
1.000000000000000000e+00 1.231131604523513171e-03 8.199426400441772733e-01
1.000000000000000000e+00 7.917146773891564886e-04 8.322961479940281793e-01
1.000000000000000000e+00 2.374184464133681407e-05 3.542484468934320452e-02
1.000000000000000000e+00 9.516478924194363273e-04 6.281131081639735880e-01
1.000000000000000000e+00 2.551445272465678658e-04 6.890825791860180072e-01
1.000000000000000000e+00 7.068610322810898365e-05 4.232595889933327138e-01
1.000000000000000000e+00 6.887111537351709421e-05 4.922733835076396058e-01
1.000000000000000000e+00 9.958026789941198313e-06 8.788611079972281914e-02
1.000000000000000000e+00 5.210537303840841799e-06 1.974208776874808099e-02
1.000000000000000000e+00 2.786559649933885698e-05 1.161724127207222623e-01
1.000000000000000000e+00 8.922610242935999966e-04 6.239210398454948514e-01
1.000000000000000000e+00 2.277430024313247859e-04 2.901911372691956537e-01
2.000000000000000000e+00 4.081859042888141272e-06 2.923824138940636086e-01
1.000000000000000000e+00 3.174376926316177402e-05 1.188099399037707282e-01
1.000000000000000000e+00 9.847240943027145356e-05 2.003325492532365970e-01
1.000000000000000000e+00 1.917503841875420486e-04 2.429395119978969564e-01
1.000000000000000000e+00 2.703992715116055137e-04 8.813305998019933529e-01
1.000000000000000000e+00 3.273201156495887318e-04 8.975641259520116266e-01
1.000000000000000000e+00 1.598411071047840294e-04 2.492024675431123992e-01
1.000000000000000000e+00 1.379824568496386971e-05 3.633242485830232710e-02
1.000000000000000000e+00 1.873890845524398560e-03 9.513832520486218414e-01
2.000000000000000000e+00 2.181764458347775428e-05 3.003816442890220872e-01
1.000000000000000000e+00 2.647467732814716001e-05 2.840910926866854758e-01
2.000000000000000000e+00 5.662973098984009465e-06 8.734644617754296070e-02
1.000000000000000000e+00 5.211122675611768351e-05 2.500711610596636492e-01
2.000000000000000000e+00 5.116584403141835374e-06 1.461594076969807421e-01
1.000000000000000000e+00 6.189775748419785084e-05 4.375664255786666512e-01
