1.000000000000000000e+00 2.261250248245074204e-04 4.660576120798105015e-01
1.000000000000000000e+00 3.093372072106981178e-08 5.504900520887398931e-05
1.000000000000000000e+00 5.568710292296809739e-04 7.362814087844964384e-01
1.000000000000000000e+00 7.697507577320849572e-06 2.535216892399544050e-02
1.000000000000000000e+00 4.014409483078422241e-04 6.021963807169605776e-01
2.000000000000000000e+00 6.373727750195115485e-04 8.951582010064067507e-01
1.000000000000000000e+00 1.044245923309596383e-03 6.722116588634169387e-01
2.000000000000000000e+00 8.192208917785529193e-05 1.313122208090283516e-01
1.000000000000000000e+00 7.476513845581906855e-05 1.977145551387824440e-01
1.000000000000000000e+00 4.763246799803258187e-04 6.874697636028019865e-01
1.000000000000000000e+00 2.692791728276906706e-04 5.646562612498126077e-01
1.000000000000000000e+00 2.832582788648431004e-04 4.584714053226802144e-01
1.000000000000000000e+00 3.337844288718383803e-04 8.165594698278582086e-01
1.000000000000000000e+00 1.469805990927513519e-04 9.001312546046972285e-01
2.000000000000000000e+00 3.854721775946935475e-04 7.627039295120011664e-01
1.000000000000000000e+00 3.372741156194362087e-05 1.034427067105391090e-01
1.000000000000000000e+00 1.207414147905039748e-04 2.720311645432494374e-01
1.000000000000000000e+00 5.825257749519371182e-04 6.015981868475844818e-01
1.000000000000000000e+00 2.005081294066518290e-05 9.720557650047562115e-01
1.000000000000000000e+00 3.181161778423975076e-04 9.606208245189448158e-01
2.000000000000000000e+00 3.953345904789617227e-06 3.725274880555554807e-02
2.000000000000000000e+00 9.961312772915397807e-05 7.490017975865634892e-01
2.000000000000000000e+00 9.681708047790895899e-06 1.224153638999563032e-01
2.000000000000000000e+00 1.001529488523480816e-05 1.546659022980855225e-01
2.000000000000000000e+00 1.019998659564035621e-07 1.914028197166033193e-04
2.000000000000000000e+00 4.004660910103182840e-06 3.517696212601188060e-02
1.000000000000000000e+00 6.177451132255862981e-04 9.578662477400256003e-01
1.000000000000000000e+00 6.580893652146789681e-04 9.178541194667130254e-01
1.000000000000000000e+00 1.035770445436331143e-03 7.701161850936510955e-01
1.000000000000000000e+00 7.873123917701550269e-04 8.343468878765781804e-01
1.000000000000000000e+00 3.078468025115031260e-05 5.059085481146537167e-02
1.000000000000000000e+00 9.340336395960589701e-04 6.006144570202132105e-01
1.000000000000000000e+00 2.447585543144862154e-04 6.713570783403328690e-01
1.000000000000000000e+00 8.022317801347015600e-05 5.964123879068360390e-01
1.000000000000000000e+00 7.931837282815605854e-05 6.822313452654911181e-01
1.000000000000000000e+00 1.885567640433156438e-05 1.637185272966653893e-01
1.000000000000000000e+00 6.488474255891708114e-06 2.388658656961927668e-02
1.000000000000000000e+00 4.178314972354247957e-05 2.243762649079880100e-01
1.000000000000000000e+00 8.753472594133254086e-04 6.202531349230075985e-01
1.000000000000000000e+00 2.857346880190879358e-04 3.528882271799369530e-01
2.000000000000000000e+00 4.179476334219533453e-06 3.287166259046545025e-01
1.000000000000000000e+00 4.834987948085080423e-05 2.183719695399702621e-01
1.000000000000000000e+00 1.076473148737929679e-04 2.511558899231191577e-01
1.000000000000000000e+00 1.852555930417772807e-04 2.730867626419049565e-01
1.000000000000000000e+00 1.738533292291191907e-04 6.497437970943552576e-01
1.000000000000000000e+00 2.221310392574078220e-04 9.237534734760983746e-01
1.000000000000000000e+00 1.819981557184747372e-04 3.333797366246140093e-01
1.000000000000000000e+00 2.035097087083350927e-05 5.712773954555137867e-02
1.000000000000000000e+00 1.767016249637861107e-03 9.720298321105451667e-01
2.000000000000000000e+00 1.695321121771166446e-05 2.459726180475432511e-01
1.000000000000000000e+00 2.572430453144285164e-05 2.424631080694536478e-01
2.000000000000000000e+00 8.043913534278408233e-06 1.523121675491278249e-01
1.000000000000000000e+00 5.657740991429088291e-05 2.869212553249794184e-01
2.000000000000000000e+00 5.652515812272326025e-06 1.450802390206656356e-01
1.000000000000000000e+00 6.400410923479490780e-05 5.043664723311040987e-01
