1.000000000000000000e+00 2.795034348350284008e-04 5.918704085566018902e-01
1.000000000000000000e+00 8.566929232225315353e-08 1.701663445121730451e-04
1.000000000000000000e+00 5.738589786068283918e-04 6.988464048716355181e-01
1.000000000000000000e+00 9.392185360128004346e-06 3.048614594754256446e-02
1.000000000000000000e+00 3.726706843461645565e-04 5.335650614647924339e-01
2.000000000000000000e+00 6.006770640281761890e-04 9.106689885558263420e-01
1.000000000000000000e+00 8.879170806260313535e-04 5.547760129807852714e-01
2.000000000000000000e+00 9.258829943116242975e-05 1.574678962656578252e-01
1.000000000000000000e+00 5.076083927376389147e-05 1.093420247965037895e-01
1.000000000000000000e+00 4.626989219277993413e-04 6.357744406727356967e-01
1.000000000000000000e+00 3.084826058973157235e-04 5.472899984942499740e-01
1.000000000000000000e+00 2.792951568422148223e-04 4.243779939625995645e-01
1.000000000000000000e+00 3.916620905686347639e-04 9.595984566239460500e-01
1.000000000000000000e+00 1.807776368965169106e-04 8.720591827247557992e-01
2.000000000000000000e+00 7.335474085070808935e-04 7.828756981742650556e-01
1.000000000000000000e+00 3.069232963997997528e-05 8.372295965802976914e-02
1.000000000000000000e+00 1.119588027220647368e-04 2.731927707015825435e-01
1.000000000000000000e+00 3.741471436421561336e-04 6.127769722813384279e-01
1.000000000000000000e+00 2.552758733323901138e-05 9.596046102039207382e-01
1.000000000000000000e+00 4.013419098706919649e-04 9.441289713338564260e-01
2.000000000000000000e+00 3.992053500528589806e-06 3.104366551164321891e-02
2.000000000000000000e+00 8.830814827439182420e-05 7.398079065433127433e-01
2.000000000000000000e+00 1.814325000462290200e-05 2.767689349309778724e-01
2.000000000000000000e+00 1.193910011656603375e-05 1.996096069419154018e-01
2.000000000000000000e+00 2.358716572141100595e-07 5.094661468982095024e-04
2.000000000000000000e+00 4.642594911354639239e-06 6.518128981978926761e-02
1.000000000000000000e+00 6.743682330623514869e-04 9.509571505185646645e-01
1.000000000000000000e+00 5.940321134657208487e-04 9.433458951273192561e-01
1.000000000000000000e+00 1.352010142588296049e-03 8.523613020989690980e-01
1.000000000000000000e+00 7.722423711896874094e-04 8.597621651381225361e-01
1.000000000000000000e+00 2.689934033668410181e-05 4.516461206545065860e-02
1.000000000000000000e+00 9.727894408441706839e-04 6.584632636999181443e-01
1.000000000000000000e+00 1.929342482013574902e-04 7.012704043765778383e-01
1.000000000000000000e+00 7.198608375626174428e-05 4.667947112793762732e-01
1.000000000000000000e+00 7.066981685526345391e-05 5.408018586637352021e-01
1.000000000000000000e+00 9.952028691330765269e-06 9.401957688967675641e-02
1.000000000000000000e+00 5.468446122551999767e-06 2.042966106612350424e-02
1.000000000000000000e+00 3.889518278118334283e-05 1.766471192634334608e-01
1.000000000000000000e+00 8.838436429796409262e-04 6.318646291494590672e-01
1.000000000000000000e+00 2.542523299070896612e-04 3.072082450244277285e-01
2.000000000000000000e+00 3.290886157529932808e-06 3.532608259446212151e-01
1.000000000000000000e+00 3.317694078176961452e-05 1.324779400286741904e-01
1.000000000000000000e+00 9.934431506422629820e-05 2.128044767595673459e-01
1.000000000000000000e+00 1.937158155624797305e-04 2.706201788158196786e-01
1.000000000000000000e+00 2.615562045570887437e-04 8.920848534549041808e-01
1.000000000000000000e+00 2.598234154976896489e-04 9.255262173691678473e-01
1.000000000000000000e+00 1.479895826072194758e-04 2.341882824064488444e-01
1.000000000000000000e+00 1.488139722848762506e-05 3.858722004039583098e-02
1.000000000000000000e+00 1.836977469651319408e-03 9.532467504657020640e-01
2.000000000000000000e+00 2.166731130593675564e-05 2.850711283266902374e-01
1.000000000000000000e+00 3.370836687043368018e-05 4.157164155779248804e-01
2.000000000000000000e+00 7.867602981787448813e-06 1.306221134115951032e-01
1.000000000000000000e+00 7.030191559503666738e-05 3.375863051005259519e-01
2.000000000000000000e+00 1.288035222666622157e-05 5.712238669177760464e-01
1.000000000000000000e+00 6.557902863061216680e-05 5.087168013244655063e-01
