1.000000000000000000e+00 2.162254822691527651e-04 4.329370420292650845e-01
1.000000000000000000e+00 6.418516850118758433e-08 8.381272325029179944e-05
1.000000000000000000e+00 6.030234506340390391e-04 6.795180783832474036e-01
1.000000000000000000e+00 7.326797029818586204e-06 2.248026210535490621e-02
1.000000000000000000e+00 3.565966410044953453e-04 4.907632159367722458e-01
2.000000000000000000e+00 6.246097007673791657e-04 8.943145680848630930e-01
1.000000000000000000e+00 1.132747074187625148e-03 6.148988930718117807e-01
2.000000000000000000e+00 7.529321985301956404e-05 1.213671476635104357e-01
1.000000000000000000e+00 5.115891214083570249e-05 1.181605281788589701e-01
1.000000000000000000e+00 5.774381519840092502e-04 5.744598912300538096e-01
1.000000000000000000e+00 2.971445252324810427e-04 4.730097946269809506e-01
1.000000000000000000e+00 2.333009355971768322e-04 3.363228418022508603e-01
1.000000000000000000e+00 6.359468217673717874e-04 9.722080965942220265e-01
1.000000000000000000e+00 2.363922780902611418e-04 8.327695376211698974e-01
2.000000000000000000e+00 6.043720993633534214e-04 7.050457467115521792e-01
1.000000000000000000e+00 2.911740648771428638e-05 7.227819363728291147e-02
1.000000000000000000e+00 9.268670276434217597e-05 1.941495592748684329e-01
1.000000000000000000e+00 5.054683662431985487e-04 5.507112300850143249e-01
1.000000000000000000e+00 2.684592780150401198e-05 9.592100351055273810e-01
1.000000000000000000e+00 4.411564238615878122e-04 9.380234863309908633e-01
2.000000000000000000e+00 4.853863789055900001e-06 5.649094160561397848e-02
2.000000000000000000e+00 8.816050080887680043e-05 6.547411752646795646e-01
2.000000000000000000e+00 1.708148943823101370e-05 1.602986381542927385e-01
2.000000000000000000e+00 5.937173214713976900e-06 6.562182608032592068e-02
2.000000000000000000e+00 1.114199628351392239e-07 2.163599616368715390e-04
2.000000000000000000e+00 4.289837795502478559e-06 6.341977829729882055e-02
1.000000000000000000e+00 7.644605803938962557e-04 9.424006872698666992e-01
1.000000000000000000e+00 7.806045690121379268e-04 9.088442547936826932e-01
1.000000000000000000e+00 1.294060638381103493e-03 8.185130080252539519e-01
1.000000000000000000e+00 7.957367769219614567e-04 7.968878033607432743e-01
1.000000000000000000e+00 2.258944067905165710e-05 3.219274708171251942e-02
1.000000000000000000e+00 9.924045398230967128e-04 7.174341839926263731e-01
1.000000000000000000e+00 2.549647268399846231e-04 6.108037706421565183e-01
1.000000000000000000e+00 7.082900897138703759e-05 4.057279915076226207e-01
1.000000000000000000e+00 6.904815504125948742e-05 4.546396295089322193e-01
1.000000000000000000e+00 5.211505077371013653e-06 4.341075527098628428e-02
1.000000000000000000e+00 4.903673047347197439e-06 1.852703940743452918e-02
1.000000000000000000e+00 2.667445096398509026e-05 1.062635316995779455e-01
1.000000000000000000e+00 8.850201483965842260e-04 5.942830418887906641e-01
1.000000000000000000e+00 2.283307939528476439e-04 2.854707692389414908e-01
2.000000000000000000e+00 3.355959384356743786e-06 2.024605839340216373e-01
1.000000000000000000e+00 2.266557600962027121e-05 7.357048646285047067e-02
1.000000000000000000e+00 9.568278749047674141e-05 1.862094675367733376e-01
1.000000000000000000e+00 1.916576349361643261e-04 2.257141584658114153e-01
1.000000000000000000e+00 2.884956843657316685e-04 8.699281671781738945e-01
1.000000000000000000e+00 3.887378758113137732e-04 8.693483023244970020e-01
1.000000000000000000e+00 1.380076307260563663e-04 1.980403303597014220e-01
1.000000000000000000e+00 1.350055748876127840e-05 3.481968176777898438e-02
1.000000000000000000e+00 1.929802332470080539e-03 9.498926396124923732e-01
2.000000000000000000e+00 3.294703238616678183e-05 4.057949084133059547e-01
1.000000000000000000e+00 2.798730787083780671e-05 2.326900818122880354e-01
2.000000000000000000e+00 3.520771916196070772e-06 4.142662991076067475e-02
1.000000000000000000e+00 3.695445356000187881e-05 1.714124027434707487e-01
2.000000000000000000e+00 5.278096815224060869e-06 1.088879801151879934e-01
1.000000000000000000e+00 6.104465434880018118e-05 4.142171825816136632e-01
