1.000000000000000000e+00 2.467474357066224886e-04 4.979145755689035058e-01
1.000000000000000000e+00 6.365804058676723741e-08 1.163129214122641896e-04
1.000000000000000000e+00 6.009613811361609430e-04 6.790205462766080169e-01
1.000000000000000000e+00 8.370190556976715354e-06 2.641661290131762721e-02
1.000000000000000000e+00 3.668348438459667540e-04 5.133980725456294136e-01
2.000000000000000000e+00 6.421693709377312119e-04 9.295061645540434458e-01
1.000000000000000000e+00 1.002809946364796980e-03 5.784195680513121163e-01
2.000000000000000000e+00 7.842598331743005349e-05 1.268615755287014757e-01
1.000000000000000000e+00 5.562036802619775946e-05 1.230400862564444003e-01
1.000000000000000000e+00 5.563076595856724553e-04 5.776764002275230903e-01
1.000000000000000000e+00 3.020736437674979478e-04 5.030773981642950865e-01
1.000000000000000000e+00 2.546225736515204670e-04 3.791890495842718534e-01
1.000000000000000000e+00 5.040247538508325041e-04 9.759041473113226894e-01
1.000000000000000000e+00 2.147397923610705603e-04 8.498332223695501675e-01
2.000000000000000000e+00 7.088906728052736224e-04 7.512082938076036775e-01
1.000000000000000000e+00 3.003515443054679374e-05 7.686013213694163626e-02
1.000000000000000000e+00 9.825383454645225797e-05 2.114092883865622829e-01
1.000000000000000000e+00 4.413517559939148047e-04 6.094831302213387092e-01
1.000000000000000000e+00 2.777580688549375455e-05 9.581117494983002469e-01
1.000000000000000000e+00 4.422958074657861219e-04 9.370021992200496808e-01
2.000000000000000000e+00 4.348233874056007503e-06 3.480429269336202114e-02
2.000000000000000000e+00 9.222676843398463717e-05 7.253618425623751254e-01
2.000000000000000000e+00 1.193775437265797980e-05 1.785331160977010334e-01
2.000000000000000000e+00 8.602890261971755554e-06 1.379256553879129321e-01
2.000000000000000000e+00 1.007289400070638534e-07 1.904644541225303223e-04
2.000000000000000000e+00 3.751010809120126099e-06 4.480192887666945012e-02
1.000000000000000000e+00 7.385809647986249634e-04 9.427835866204434812e-01
1.000000000000000000e+00 7.104382400407309754e-04 9.209347953720138369e-01
1.000000000000000000e+00 1.290589701825516728e-03 7.951791145918303272e-01
1.000000000000000000e+00 7.979930778838919235e-04 8.449740388329975982e-01
1.000000000000000000e+00 2.393044979223612719e-05 3.685754886711577194e-02
1.000000000000000000e+00 8.715231560784975897e-04 6.231739991644400511e-01
1.000000000000000000e+00 2.171454348713765074e-04 7.014946093395988402e-01
1.000000000000000000e+00 6.903731577401659119e-05 4.072572579078183042e-01
1.000000000000000000e+00 6.787784334059076240e-05 4.838220429300776337e-01
1.000000000000000000e+00 9.436725607210651201e-06 8.847268848445459521e-02
1.000000000000000000e+00 5.048240400642012243e-06 1.917766029079235809e-02
1.000000000000000000e+00 2.718144658885157170e-05 1.134134876580595308e-01
1.000000000000000000e+00 8.952366975662091062e-04 6.254576706050013479e-01
1.000000000000000000e+00 2.712855163511754286e-04 3.325024627992482218e-01
2.000000000000000000e+00 3.787038232006943659e-06 3.060597121049658531e-01
1.000000000000000000e+00 2.967187942858967126e-05 1.105764665900512839e-01
1.000000000000000000e+00 9.775250409012036239e-05 1.971795701520635546e-01
1.000000000000000000e+00 1.943184879432807157e-04 2.456455852591592770e-01
1.000000000000000000e+00 2.882362512112177175e-04 8.766722982178705159e-01
1.000000000000000000e+00 3.284842308761347059e-04 8.997824434071090005e-01
1.000000000000000000e+00 1.432135611310668497e-04 2.195699828697622591e-01
1.000000000000000000e+00 1.304876700803546704e-05 3.400329075681535196e-02
1.000000000000000000e+00 1.890295834826137425e-03 9.495974487878731107e-01
2.000000000000000000e+00 2.287145744535315430e-05 3.222796559476701628e-01
1.000000000000000000e+00 2.825400035975857323e-05 2.961287500251398863e-01
2.000000000000000000e+00 5.092838745462192013e-06 7.699359967070124044e-02
1.000000000000000000e+00 5.821572444463284031e-05 2.717462637647365953e-01
2.000000000000000000e+00 7.241322200945628939e-06 2.651456065828897701e-01
1.000000000000000000e+00 6.553884283006994522e-05 4.542700368497760710e-01
