1.000000000000000000e+00 2.139721688657351061e-04 4.378607973488082283e-01
1.000000000000000000e+00 6.727664443176122087e-08 9.986263873586786782e-05
1.000000000000000000e+00 5.785783466276948114e-04 7.040787245069899392e-01
1.000000000000000000e+00 7.918021507801723910e-06 2.528410951255905328e-02
1.000000000000000000e+00 3.659010731579035282e-04 5.483658496632087820e-01
2.000000000000000000e+00 7.218136166720744845e-04 7.779267900574349248e-01
1.000000000000000000e+00 1.087352910352316730e-03 6.429144378158420103e-01
2.000000000000000000e+00 7.428024576631955431e-05 1.149022492594262979e-01
1.000000000000000000e+00 5.218991883064469177e-05 1.225411273792107736e-01
1.000000000000000000e+00 5.149125543428752791e-04 6.506565934118926364e-01
1.000000000000000000e+00 2.903733927017223431e-04 5.041318953877613751e-01
1.000000000000000000e+00 2.484328373843170887e-04 3.712857049829840772e-01
1.000000000000000000e+00 4.119643914037705206e-04 9.065761211212203241e-01
1.000000000000000000e+00 2.078394894687749460e-04 8.539190220188537239e-01
2.000000000000000000e+00 5.558040259143572689e-04 7.478889863881165168e-01
1.000000000000000000e+00 3.033495322117754967e-05 9.691115647358673757e-02
1.000000000000000000e+00 9.974053759733515550e-05 2.197206692891899016e-01
1.000000000000000000e+00 6.927361630207276707e-04 7.298086933211369587e-01
1.000000000000000000e+00 2.187623652889789328e-05 9.660895660475529167e-01
1.000000000000000000e+00 3.754817500836308327e-04 9.496784445930563923e-01
2.000000000000000000e+00 4.975723522695528452e-06 5.273370050150985588e-02
2.000000000000000000e+00 8.784114456119553516e-05 6.257012627366101976e-01
2.000000000000000000e+00 2.105950405130193432e-05 2.184408588290206454e-01
2.000000000000000000e+00 6.722108699336087305e-06 8.524018464829047348e-02
2.000000000000000000e+00 1.022893883080766709e-07 1.955105457276373998e-04
2.000000000000000000e+00 4.353373489377250239e-06 4.656601426499754753e-02
1.000000000000000000e+00 7.024945510299595219e-04 9.501591147040338026e-01
1.000000000000000000e+00 7.863367353991969431e-04 9.006334648709581892e-01
1.000000000000000000e+00 1.184090976704764214e-03 8.106714895529774090e-01
1.000000000000000000e+00 7.964546445234267505e-04 7.547596218444724281e-01
1.000000000000000000e+00 2.503945175393442678e-05 3.631096566244437079e-02
1.000000000000000000e+00 9.540640961233833603e-04 6.700065164412331020e-01
1.000000000000000000e+00 3.118934569360229175e-04 6.846142320987840257e-01
1.000000000000000000e+00 7.828647498864046311e-05 4.934079394300703858e-01
1.000000000000000000e+00 7.377596839019041517e-05 5.424884042899531522e-01
1.000000000000000000e+00 1.048561492944755726e-05 9.446079419139692679e-02
1.000000000000000000e+00 6.300748208208444691e-06 2.448230570094402786e-02
1.000000000000000000e+00 3.167081827654128612e-05 1.463083677300259788e-01
1.000000000000000000e+00 8.908726847306220470e-04 6.177849708970339915e-01
1.000000000000000000e+00 2.689276945464874570e-04 3.155570878864515927e-01
2.000000000000000000e+00 4.938282376614881786e-06 3.257492703653072086e-01
1.000000000000000000e+00 3.490402327014421733e-05 1.284445205353945962e-01
1.000000000000000000e+00 9.927431935709663360e-05 2.018294259510229893e-01
1.000000000000000000e+00 1.893300484720511934e-04 2.331702657758688846e-01
1.000000000000000000e+00 2.081218007701008581e-04 6.741342117296013070e-01
1.000000000000000000e+00 3.118968291613442769e-04 9.394255483311617638e-01
1.000000000000000000e+00 1.892187452356294223e-04 3.021122565018533046e-01
1.000000000000000000e+00 1.600367186930288469e-05 4.156671886434356450e-02
1.000000000000000000e+00 1.907823533382834759e-03 9.626014557180037068e-01
2.000000000000000000e+00 2.849891547409156428e-05 3.550482821237845310e-01
1.000000000000000000e+00 2.261125913757805863e-05 1.964952671210998258e-01
2.000000000000000000e+00 3.623767169916773144e-06 5.016454532615519796e-02
1.000000000000000000e+00 6.069551468505396277e-05 2.850825969897218259e-01
2.000000000000000000e+00 4.904530287485149635e-06 1.080418708746522793e-01
1.000000000000000000e+00 6.607535275388666833e-05 4.638606997744562643e-01
