1.000000000000000000e+00 2.079155143087542531e-04 4.179822827959707721e-01
1.000000000000000000e+00 7.635818211920479923e-08 1.001630099866522350e-04
1.000000000000000000e+00 5.663975165488251487e-04 7.250891099961154218e-01
1.000000000000000000e+00 6.662735613984143102e-06 2.109989688060043972e-02
1.000000000000000000e+00 3.744346960998451239e-04 5.643358152152061491e-01
2.000000000000000000e+00 5.400915869300236018e-04 8.953166102815820482e-01
1.000000000000000000e+00 1.076220883987582047e-03 6.520207627692133912e-01
2.000000000000000000e+00 7.522415740571672632e-05 1.223028524041011172e-01
1.000000000000000000e+00 5.467283815441110442e-05 1.294175134539793381e-01
1.000000000000000000e+00 5.390356229748509507e-04 6.461349860268765788e-01
1.000000000000000000e+00 2.912242668693882709e-04 5.007507545799616544e-01
1.000000000000000000e+00 2.370556983659562232e-04 3.497884512283416236e-01
1.000000000000000000e+00 5.089264359390269958e-04 9.467556678606902087e-01
1.000000000000000000e+00 2.102696280632663681e-04 8.482865332728874996e-01
2.000000000000000000e+00 5.552949707884717589e-04 7.498926588344591027e-01
1.000000000000000000e+00 2.985944880195489607e-05 9.195734096026146609e-02
1.000000000000000000e+00 1.013936805194264919e-04 2.215409740159041685e-01
1.000000000000000000e+00 5.326472511033320542e-04 5.867885498035486647e-01
1.000000000000000000e+00 2.127451245900829305e-05 9.556676997862209033e-01
1.000000000000000000e+00 3.694694089636272141e-04 9.512066406477754921e-01
2.000000000000000000e+00 4.911768313527291420e-06 4.924443398054703658e-02
2.000000000000000000e+00 8.852969597396778017e-05 6.187171414598178210e-01
2.000000000000000000e+00 1.571400119500076574e-05 1.612817820911036371e-01
2.000000000000000000e+00 6.371722622100679631e-06 7.532644262120179179e-02
2.000000000000000000e+00 1.047047942956795124e-07 2.000657660618550401e-04
2.000000000000000000e+00 4.795351848269193525e-06 7.496871776664623677e-02
1.000000000000000000e+00 7.061458923344610247e-04 9.512798061566396512e-01
1.000000000000000000e+00 7.947445071872909781e-04 8.980061680624980003e-01
1.000000000000000000e+00 1.216056877834653140e-03 8.056796710514003701e-01
1.000000000000000000e+00 8.040773859290578553e-04 7.425495463947705543e-01
1.000000000000000000e+00 2.533978905480520089e-05 3.709472145397828269e-02
1.000000000000000000e+00 8.686137126034445275e-04 7.131636880211458251e-01
1.000000000000000000e+00 2.592350750398916934e-04 5.958730479455155438e-01
1.000000000000000000e+00 7.958182940897204067e-05 5.000940023198742201e-01
1.000000000000000000e+00 7.720009151579752338e-05 5.372509450364421069e-01
1.000000000000000000e+00 1.048930371037415203e-05 8.966777266476549935e-02
1.000000000000000000e+00 6.073014877805788153e-06 2.271212686584042628e-02
1.000000000000000000e+00 3.352867012035210708e-05 1.545426114258419970e-01
1.000000000000000000e+00 8.536290706716557651e-04 5.743010697083505978e-01
1.000000000000000000e+00 2.802014636512847878e-04 3.274840243789009508e-01
2.000000000000000000e+00 3.266455115467277481e-06 2.213409174210786423e-01
1.000000000000000000e+00 2.971678569489338069e-05 1.093663816733484589e-01
1.000000000000000000e+00 9.727977761062735304e-05 1.963015373184344436e-01
1.000000000000000000e+00 1.853399060639321025e-04 2.239940911301518123e-01
1.000000000000000000e+00 2.136266922136909258e-04 6.984712860036631499e-01
1.000000000000000000e+00 3.094886836501684470e-04 8.899453386202355043e-01
1.000000000000000000e+00 1.539112752219513056e-04 2.266976266555994490e-01
1.000000000000000000e+00 1.694807037020841360e-05 4.402329439295740721e-02
1.000000000000000000e+00 1.903573406811270852e-03 9.644283447446250213e-01
2.000000000000000000e+00 3.664796805897877326e-05 4.431642097323243434e-01
1.000000000000000000e+00 2.670259925342875588e-05 2.255351584437295109e-01
2.000000000000000000e+00 3.749728198273286156e-06 4.741046334242225713e-02
1.000000000000000000e+00 4.294683939137081455e-05 2.193124080798612152e-01
2.000000000000000000e+00 6.542582932091943064e-06 1.506746191582761241e-01
1.000000000000000000e+00 6.615871197060813308e-05 4.870188343065677827e-01
