1.000000000000000000e+00 2.852985495083731763e-04 5.756131856441513150e-01
1.000000000000000000e+00 9.236337359063863613e-08 1.340835731211818436e-04
1.000000000000000000e+00 5.327413428503060752e-04 7.579786029476148768e-01
1.000000000000000000e+00 1.021999572030221894e-05 3.428113409250667376e-02
1.000000000000000000e+00 4.135207264735649103e-04 6.001835786181618504e-01
2.000000000000000000e+00 5.666868428309121061e-04 8.269672540308338204e-01
1.000000000000000000e+00 5.530523623244953339e-04 4.160926960126318797e-01
2.000000000000000000e+00 7.925418372176506619e-05 1.420210084403589201e-01
1.000000000000000000e+00 5.634184699624520976e-05 1.085245980545473249e-01
1.000000000000000000e+00 4.899978844847101278e-04 6.454483549533551745e-01
1.000000000000000000e+00 3.575480569099206366e-04 7.361908965601872135e-01
1.000000000000000000e+00 3.049675806617774590e-04 4.927878179086852550e-01
1.000000000000000000e+00 3.025076040847280226e-04 8.694606433355646091e-01
1.000000000000000000e+00 1.231822298076664139e-04 9.061131220449103463e-01
2.000000000000000000e+00 1.241951278886203013e-03 7.436113181006605011e-01
1.000000000000000000e+00 3.451552331834092252e-05 1.082654890413403403e-01
1.000000000000000000e+00 1.427593437134670100e-04 3.351926962100539309e-01
1.000000000000000000e+00 2.742256269794266670e-04 6.478037142998243070e-01
1.000000000000000000e+00 2.031598122911823262e-05 9.704879690676408988e-01
1.000000000000000000e+00 3.161716422828641203e-04 9.596385214091969207e-01
2.000000000000000000e+00 2.202678683604978845e-06 1.811323861865582474e-02
2.000000000000000000e+00 1.003077498753952856e-04 8.961763010438938970e-01
2.000000000000000000e+00 8.226524304037059382e-06 1.010159169387468830e-01
2.000000000000000000e+00 1.046933072828092732e-05 1.555094637930835300e-01
2.000000000000000000e+00 7.869738111953176640e-08 1.476961147371834621e-04
2.000000000000000000e+00 3.124349352848025432e-06 2.624978101137574391e-02
1.000000000000000000e+00 5.160312974814720930e-04 9.654363878544979238e-01
1.000000000000000000e+00 4.034724149127646704e-04 9.539996540901086730e-01
1.000000000000000000e+00 1.268800581670171713e-03 6.858932352568098967e-01
1.000000000000000000e+00 7.669172665127322285e-04 8.451028379640693755e-01
1.000000000000000000e+00 3.638615393446178949e-05 6.342734570284293272e-02
1.000000000000000000e+00 6.577564028030837570e-04 4.994196450312195501e-01
1.000000000000000000e+00 1.652074803260355162e-04 6.683546932161090748e-01
1.000000000000000000e+00 7.852688048380286514e-05 6.014257429754610307e-01
1.000000000000000000e+00 7.744241929030020138e-05 6.687915913590113393e-01
1.000000000000000000e+00 1.870602139750561401e-05 1.989549892509405171e-01
1.000000000000000000e+00 6.427925997859244699e-06 2.363818799734177661e-02
1.000000000000000000e+00 3.356029827897011726e-05 1.757443906543425249e-01
1.000000000000000000e+00 8.798510847867952768e-04 5.964769515883493467e-01
1.000000000000000000e+00 4.978839633540388648e-04 6.527378877596704543e-01
2.000000000000000000e+00 3.269611234821597279e-06 3.143799566828001657e-01
1.000000000000000000e+00 4.302445750620012012e-05 1.994094755780427830e-01
1.000000000000000000e+00 1.065828070039951948e-04 2.590574172070228554e-01
1.000000000000000000e+00 1.964050854898162089e-04 2.988592649635940512e-01
1.000000000000000000e+00 2.188507162195122259e-04 8.022875539277342094e-01
1.000000000000000000e+00 1.872329525841991149e-04 9.481475764069734469e-01
1.000000000000000000e+00 1.107354884579033594e-04 1.710474013405468008e-01
1.000000000000000000e+00 1.529838143259713146e-05 4.021719871496847593e-02
1.000000000000000000e+00 1.737895006670897276e-03 9.719023995688710338e-01
2.000000000000000000e+00 1.899818655422790670e-05 2.796798334602922376e-01
1.000000000000000000e+00 2.926595946481135778e-05 3.061504539914219336e-01
2.000000000000000000e+00 5.342918265396955844e-06 7.606065907938723558e-02
1.000000000000000000e+00 7.568765845070953349e-05 3.486341282492870786e-01
2.000000000000000000e+00 1.010552059520393961e-05 4.174122752977653117e-01
1.000000000000000000e+00 8.747968814138210036e-05 6.109422994570302690e-01
