1.000000000000000000e+00 2.168340314253818326e-04 4.419708193733501433e-01
1.000000000000000000e+00 6.391778316400155044e-08 9.378211420042746637e-05
1.000000000000000000e+00 5.912728872114584883e-04 6.894089566334092867e-01
1.000000000000000000e+00 7.953134198279599535e-06 2.520048047701924435e-02
1.000000000000000000e+00 3.597669952126514629e-04 5.213019232352950061e-01
2.000000000000000000e+00 7.207260815589157463e-04 8.044723230400667724e-01
1.000000000000000000e+00 1.111537687755789500e-03 6.264897318336535292e-01
2.000000000000000000e+00 7.435037759268539506e-05 1.152320821498698938e-01
1.000000000000000000e+00 5.151868713787872517e-05 1.200584908816345192e-01
1.000000000000000000e+00 5.388230328103521061e-04 6.173631283548427495e-01
1.000000000000000000e+00 2.938000939867977681e-04 4.910074985843036477e-01
1.000000000000000000e+00 2.445910484439341973e-04 3.611802878847976128e-01
1.000000000000000000e+00 4.600100786674637195e-04 9.506013071303416329e-01
1.000000000000000000e+00 2.200925767845319939e-04 8.458377384637075780e-01
2.000000000000000000e+00 5.800012629056735961e-04 7.269731696498626938e-01
1.000000000000000000e+00 2.986131607519787267e-05 8.772963384363759165e-02
1.000000000000000000e+00 9.598641608967464984e-05 2.072614035040591107e-01
1.000000000000000000e+00 6.469824819999860869e-04 6.824335789803865904e-01
1.000000000000000000e+00 2.411748114675716436e-05 9.633966329387246841e-01
1.000000000000000000e+00 4.067932790117782739e-04 9.441420008133438735e-01
2.000000000000000000e+00 4.919369020492955099e-06 5.523512937011054724e-02
2.000000000000000000e+00 8.785880259468503250e-05 6.401554355105512073e-01
2.000000000000000000e+00 2.060471494137610819e-05 2.026541320168957216e-01
2.000000000000000000e+00 6.550004880977711379e-06 7.985182490091427554e-02
2.000000000000000000e+00 1.057037106764255016e-07 2.033192697401600951e-04
2.000000000000000000e+00 4.247188122019276432e-06 4.834368901740834779e-02
1.000000000000000000e+00 7.294427208377648715e-04 9.462810859635895078e-01
1.000000000000000000e+00 7.825350567677927249e-04 9.049676636830454868e-01
1.000000000000000000e+00 1.225652513832178230e-03 8.182874501033194914e-01
1.000000000000000000e+00 7.938773863632187780e-04 7.765717786721962890e-01
1.000000000000000000e+00 2.383512846264418633e-05 3.420442287216540062e-02
1.000000000000000000e+00 9.788318271872497884e-04 6.835135939144701966e-01
1.000000000000000000e+00 3.036864676160284785e-04 6.905306133910416033e-01
1.000000000000000000e+00 7.469598552415891929e-05 4.511788241861965365e-01
1.000000000000000000e+00 7.104621634067876691e-05 5.026015904226837083e-01
1.000000000000000000e+00 8.349741322700929551e-06 7.594549095723966692e-02
1.000000000000000000e+00 5.764102343193342186e-06 2.218508119331640688e-02
1.000000000000000000e+00 2.884260632950668259e-05 1.244598092779675980e-01
1.000000000000000000e+00 8.956396359357783696e-04 6.168115581461832697e-01
1.000000000000000000e+00 2.478304929973112049e-04 2.974473292990496009e-01
2.000000000000000000e+00 4.649475493823150909e-06 3.000818018227572326e-01
1.000000000000000000e+00 3.096815622499830947e-05 1.094239203270884059e-01
1.000000000000000000e+00 9.789119687176521620e-05 1.953840610839269187e-01
1.000000000000000000e+00 1.911378275245689666e-04 2.314647954561364629e-01
1.000000000000000000e+00 2.406649714033253439e-04 7.719569067268220453e-01
1.000000000000000000e+00 3.397373470999589130e-04 9.192978513189893341e-01
1.000000000000000000e+00 1.746092882662544758e-04 2.716316458405645951e-01
1.000000000000000000e+00 1.462293139145094366e-05 3.786500068583471129e-02
1.000000000000000000e+00 1.916171253202203061e-03 9.584149185828972906e-01
2.000000000000000000e+00 2.850487411317681647e-05 3.577335479760684889e-01
1.000000000000000000e+00 2.391274339438685800e-05 2.265540201230259176e-01
2.000000000000000000e+00 3.570457847243283568e-06 4.855269063187726136e-02
1.000000000000000000e+00 5.448421993467615225e-05 2.530460443070646770e-01
2.000000000000000000e+00 4.757862975917192535e-06 1.095883494834440780e-01
1.000000000000000000e+00 6.407926408807394010e-05 4.402898335357675608e-01
