1.000000000000000000e+00 2.816355890380588039e-04 8.381416932891697646e-01
1.000000000000000000e+00 3.977470648494802629e-06 6.627441243900781924e-03
1.000000000000000000e+00 4.337054439330989357e-04 7.251842921165331246e-01
1.000000000000000000e+00 2.069826499670959779e-05 7.947405339722631024e-02
1.000000000000000000e+00 3.452078080783888610e-04 4.955033195351374875e-01
2.000000000000000000e+00 4.837375075855561402e-04 9.247871439347447042e-01
1.000000000000000000e+00 6.640558605515499251e-04 6.926188737646664650e-01
2.000000000000000000e+00 1.613635544493445160e-04 4.123291032415478119e-01
1.000000000000000000e+00 6.151870090948643240e-05 1.614590259756577550e-01
1.000000000000000000e+00 1.874124482503379172e-04 4.451996423450625406e-01
1.000000000000000000e+00 2.785853350009957785e-04 6.632511688715631015e-01
1.000000000000000000e+00 3.033489143268527791e-04 6.210105721191636619e-01
1.000000000000000000e+00 2.407250784758932201e-04 8.801924921015585879e-01
1.000000000000000000e+00 8.385145747890612386e-05 8.959586237782747320e-01
2.000000000000000000e+00 6.824654474799958124e-04 8.638766401765585190e-01
1.000000000000000000e+00 5.943746426968298088e-05 1.287577424471431919e-01
1.000000000000000000e+00 1.357068194925667470e-04 4.484246239089246799e-01
1.000000000000000000e+00 2.736131612310274143e-04 6.808112204931061617e-01
1.000000000000000000e+00 2.439645419508040553e-05 8.428239843287748112e-01
1.000000000000000000e+00 1.415925409747791964e-04 9.690136869987071577e-01
2.000000000000000000e+00 6.168533640473752677e-06 8.345230062601442789e-02
2.000000000000000000e+00 8.095222155650122031e-05 7.755218916127969431e-01
2.000000000000000000e+00 2.231576562722160394e-05 3.251476214863325831e-01
2.000000000000000000e+00 1.481422422560549099e-05 2.655206176388406059e-01
2.000000000000000000e+00 4.988151432349388334e-06 1.955512799833900722e-02
2.000000000000000000e+00 6.714624340425356060e-06 1.362761771018359824e-01
1.000000000000000000e+00 2.201761418059427350e-04 9.783222400883465619e-01
1.000000000000000000e+00 2.531714284786844510e-04 8.106074723155016759e-01
1.000000000000000000e+00 9.998605884816845913e-04 9.363054327368147689e-01
1.000000000000000000e+00 5.948682607926350160e-04 9.432949065640369168e-01
1.000000000000000000e+00 5.298443897223275613e-05 1.336741559892577202e-01
1.000000000000000000e+00 7.886793983679029306e-04 7.904164779465876478e-01
1.000000000000000000e+00 1.958546380723477241e-04 8.470059703580344879e-01
1.000000000000000000e+00 6.920346087466238913e-05 6.391107117170160556e-01
1.000000000000000000e+00 6.831005617875812600e-05 6.529933607748418245e-01
1.000000000000000000e+00 5.933558302723897197e-06 4.547707426833930144e-02
1.000000000000000000e+00 1.275944827086080925e-05 8.456407410581105732e-02
1.000000000000000000e+00 5.969664072699606250e-05 2.941375980424815184e-01
1.000000000000000000e+00 7.001945149728106086e-04 7.686282691294425984e-01
1.000000000000000000e+00 2.840957446692153393e-04 3.978949062494400724e-01
2.000000000000000000e+00 2.192500369203571810e-06 1.572799722108428611e-01
1.000000000000000000e+00 3.688012161811296601e-05 1.683759451222396064e-01
1.000000000000000000e+00 1.074991450508114722e-04 5.293000167873276318e-01
1.000000000000000000e+00 2.122459108303030649e-04 5.058343118375184799e-01
1.000000000000000000e+00 2.954781110164498908e-04 9.366743599958048394e-01
1.000000000000000000e+00 1.028215745241840427e-04 9.738347531268018997e-01
1.000000000000000000e+00 1.714080952488362800e-04 3.676556905276699982e-01
1.000000000000000000e+00 1.954656640170006994e-05 5.692278019953440210e-02
1.000000000000000000e+00 1.048967833810701081e-03 9.734854157400523178e-01
2.000000000000000000e+00 2.155203459790182042e-05 2.659545357531609699e-01
1.000000000000000000e+00 3.561560892010718455e-05 4.475320079096107850e-01
2.000000000000000000e+00 8.414254524506435760e-06 1.475392147971292256e-01
1.000000000000000000e+00 6.896172922837108055e-05 3.704070077375588577e-01
2.000000000000000000e+00 1.653800711767040220e-05 8.348797285482982833e-01
1.000000000000000000e+00 6.657368954476150069e-05 6.122286122968301214e-01
