1.000000000000000000e+00 2.208472139209026474e-04 4.555205422945134974e-01
1.000000000000000000e+00 3.111823045837078255e-08 5.729973084060286775e-05
1.000000000000000000e+00 5.911161907141738742e-04 6.836591746716069729e-01
1.000000000000000000e+00 7.725402041419188840e-06 2.471227179236416827e-02
1.000000000000000000e+00 3.586029912369559261e-04 5.466280419286969616e-01
2.000000000000000000e+00 6.609192453367698263e-04 9.138530740255005336e-01
1.000000000000000000e+00 1.122162343648659775e-03 6.209543589518184969e-01
2.000000000000000000e+00 7.765568202581359331e-05 1.214263036959919162e-01
1.000000000000000000e+00 6.636785966108649432e-05 1.663917323081324506e-01
1.000000000000000000e+00 5.428904296831496036e-04 6.037188502924751843e-01
1.000000000000000000e+00 2.935977580015257924e-04 4.891959221160805948e-01
1.000000000000000000e+00 2.446199087156184968e-04 3.656677444488581341e-01
1.000000000000000000e+00 4.735796547340710640e-04 9.631763339936202373e-01
1.000000000000000000e+00 2.172758973150702385e-04 8.494415633306713342e-01
2.000000000000000000e+00 5.462242133482229792e-04 7.398209805019601015e-01
1.000000000000000000e+00 3.032130067842547634e-05 8.535580549079897772e-02
1.000000000000000000e+00 9.303223425257935641e-05 2.006476482217828539e-01
1.000000000000000000e+00 5.890760153446839746e-04 5.742261943369325605e-01
1.000000000000000000e+00 2.549849406097890153e-05 9.626739177513778944e-01
1.000000000000000000e+00 4.175806515470267496e-04 9.418396847224017598e-01
2.000000000000000000e+00 4.946816328515841109e-06 5.311749568795623433e-02
2.000000000000000000e+00 9.010906509398455171e-05 6.705189089164973471e-01
2.000000000000000000e+00 1.649256309654220382e-05 1.972746944152100057e-01
2.000000000000000000e+00 5.314728419217333389e-06 6.793549432563333879e-02
2.000000000000000000e+00 1.067599759642466765e-07 2.058389796289936374e-04
2.000000000000000000e+00 3.929211292070742807e-06 4.050996313407075750e-02
1.000000000000000000e+00 7.368857919950237657e-04 9.454064347909904020e-01
1.000000000000000000e+00 7.687053883667321723e-04 9.078116123926867065e-01
1.000000000000000000e+00 1.248207799996031752e-03 8.326858511216750358e-01
1.000000000000000000e+00 8.331243062276560540e-04 8.114391842335663130e-01
1.000000000000000000e+00 2.332799016119656022e-05 3.317293408277510736e-02
1.000000000000000000e+00 9.989538267755283720e-04 6.737310774288490789e-01
1.000000000000000000e+00 2.940849619011494018e-04 6.844021027330028373e-01
1.000000000000000000e+00 7.238138698407202214e-05 4.389594677572166148e-01
1.000000000000000000e+00 6.988035847196104691e-05 4.988481541277370868e-01
1.000000000000000000e+00 9.605389040847480629e-06 7.833419731579613354e-02
1.000000000000000000e+00 5.419441074175889640e-06 2.063288611379585080e-02
1.000000000000000000e+00 2.869639104098952752e-05 1.205471532763919135e-01
1.000000000000000000e+00 8.840147495872831100e-04 6.401917050919180285e-01
1.000000000000000000e+00 2.338925292786972617e-04 2.898235593068718696e-01
2.000000000000000000e+00 4.460319804432900477e-06 2.912519260952224354e-01
1.000000000000000000e+00 3.448208841083064439e-05 1.285927325070286564e-01
1.000000000000000000e+00 9.873820826692257676e-05 2.001908428869585144e-01
1.000000000000000000e+00 1.910382596381396923e-04 2.409825073655536831e-01
1.000000000000000000e+00 2.532595017196981584e-04 8.410866105886215527e-01
1.000000000000000000e+00 3.287971182944545031e-04 9.008973229077459344e-01
1.000000000000000000e+00 1.683039247973765272e-04 2.656941352581849713e-01
1.000000000000000000e+00 1.431321275583224907e-05 3.769181643926503705e-02
1.000000000000000000e+00 1.883841589565002752e-03 9.565071309230641639e-01
2.000000000000000000e+00 2.510643879568463227e-05 3.292532282975509372e-01
1.000000000000000000e+00 2.544389475471960262e-05 2.514628935700973233e-01
2.000000000000000000e+00 4.894826443388917314e-06 6.308347697426271161e-02
1.000000000000000000e+00 5.101615078269696406e-05 2.408469197324351885e-01
2.000000000000000000e+00 4.348797160771111318e-06 9.698025069770463413e-02
1.000000000000000000e+00 6.274190526774190042e-05 4.347583986092893871e-01
