1.000000000000000000e+00 3.374059533476453875e-04 7.378919054110903986e-01
1.000000000000000000e+00 1.160446199580507487e-07 2.242607835885189113e-04
1.000000000000000000e+00 5.226817855198953242e-04 7.279515846090228726e-01
1.000000000000000000e+00 1.202737869830294456e-05 3.989390163872194583e-02
1.000000000000000000e+00 3.737166385554789583e-04 5.576688372930935778e-01
2.000000000000000000e+00 5.643423753684350232e-04 8.456290054259874012e-01
1.000000000000000000e+00 5.839334783507929170e-04 4.328685728449793713e-01
2.000000000000000000e+00 9.934459782817280592e-05 1.824618103058670004e-01
1.000000000000000000e+00 4.678423727436287525e-05 8.823496706501826603e-02
1.000000000000000000e+00 3.650893487775202931e-04 5.587487882398370909e-01
1.000000000000000000e+00 3.105963706761220183e-04 6.205879242311924671e-01
1.000000000000000000e+00 3.354208352583570646e-04 5.284842919445560394e-01
1.000000000000000000e+00 2.560794463111132151e-04 8.605378801345109352e-01
1.000000000000000000e+00 1.189136572268783258e-04 9.101799284120871691e-01
2.000000000000000000e+00 9.508311401809287858e-04 7.975884796389940412e-01
1.000000000000000000e+00 3.157301018269299727e-05 8.494883385110429952e-02
1.000000000000000000e+00 1.449360690743220232e-04 3.903411457731723599e-01
1.000000000000000000e+00 2.856948323859145010e-04 6.136036238518196573e-01
1.000000000000000000e+00 2.189747851993362565e-05 9.616159823913180693e-01
1.000000000000000000e+00 2.945101032320101230e-04 9.595562486006943281e-01
2.000000000000000000e+00 3.528754840484651577e-06 3.586426891312820275e-02
2.000000000000000000e+00 8.956673055244334454e-05 7.616864444081049568e-01
2.000000000000000000e+00 1.479312503831692697e-05 2.093420782309786954e-01
2.000000000000000000e+00 1.272676550464194094e-05 1.992301580825941443e-01
2.000000000000000000e+00 9.617975773445522457e-08 1.843521889212821686e-04
2.000000000000000000e+00 4.525094071598120749e-06 5.661442557806539710e-02
1.000000000000000000e+00 4.884566477561906594e-04 9.699669919736191304e-01
1.000000000000000000e+00 3.700414180701907607e-04 9.921326827344361110e-01
1.000000000000000000e+00 1.439134637577729877e-03 8.173946486165779568e-01
1.000000000000000000e+00 8.009419627209795429e-04 8.664059681778676358e-01
1.000000000000000000e+00 3.677466341838326176e-05 6.411764003067182971e-02
1.000000000000000000e+00 9.649106563499176966e-04 6.465581379731536460e-01
1.000000000000000000e+00 1.491549204091944191e-04 5.729202699833207957e-01
1.000000000000000000e+00 7.688642068369418777e-05 6.403609344578037321e-01
1.000000000000000000e+00 7.752025826777396444e-05 6.536967763844800938e-01
1.000000000000000000e+00 1.180029646605636243e-05 1.117661515307460524e-01
1.000000000000000000e+00 6.209077715383568844e-06 2.295010796612499682e-02
1.000000000000000000e+00 4.416408821301212346e-05 2.336858747184659135e-01
1.000000000000000000e+00 8.698280022782686185e-04 6.369200728802117961e-01
1.000000000000000000e+00 3.145973807814664270e-04 3.815387474757138131e-01
2.000000000000000000e+00 2.826430304076542108e-06 2.863105847344046828e-01
1.000000000000000000e+00 3.866032471845802705e-05 1.714074546710782909e-01
1.000000000000000000e+00 1.033617162471424085e-04 2.611098408252585101e-01
1.000000000000000000e+00 1.992378663849258549e-04 3.404024467480714078e-01
1.000000000000000000e+00 2.307586583197230776e-04 8.934648462280490033e-01
1.000000000000000000e+00 1.744072801878893413e-04 9.625795650484771926e-01
1.000000000000000000e+00 1.390577109367095612e-04 2.198816869296410237e-01
1.000000000000000000e+00 1.581792037770101496e-05 3.924531780687949556e-02
1.000000000000000000e+00 1.731110341867953114e-03 9.680696932763243057e-01
2.000000000000000000e+00 2.019742863820817938e-05 2.566498867035796327e-01
1.000000000000000000e+00 3.843191741741259864e-05 4.894201795081312145e-01
2.000000000000000000e+00 7.974183699597664837e-06 1.404560596468422962e-01
1.000000000000000000e+00 7.866404526200715939e-05 3.669212379586747064e-01
2.000000000000000000e+00 1.440353349687328821e-05 6.717594126830488399e-01
1.000000000000000000e+00 7.178483381134649491e-05 5.847792270644128765e-01
