1.000000000000000000e+00 2.264122576655018906e-04 4.634534344919715165e-01
1.000000000000000000e+00 3.241690820709311897e-08 6.230583459078426628e-05
1.000000000000000000e+00 5.926914187045387132e-04 6.898925414856147409e-01
1.000000000000000000e+00 7.772867180769845905e-06 2.492786733427820867e-02
1.000000000000000000e+00 3.775433093129437344e-04 5.467952302086503957e-01
2.000000000000000000e+00 6.562408524934648093e-04 9.047306873914302550e-01
1.000000000000000000e+00 1.117244516103321848e-03 6.197276191987118876e-01
2.000000000000000000e+00 7.875672415404735794e-05 1.246800008086873107e-01
1.000000000000000000e+00 6.472940039938997745e-05 1.669436463606639998e-01
1.000000000000000000e+00 5.450484916047341512e-04 6.019137756285828367e-01
1.000000000000000000e+00 2.909135643254608843e-04 4.998072727070783094e-01
1.000000000000000000e+00 2.561214477772245294e-04 3.890381833870832362e-01
1.000000000000000000e+00 4.658399521089101689e-04 9.641159592056806060e-01
1.000000000000000000e+00 2.047993592980843966e-04 8.579605918075459137e-01
2.000000000000000000e+00 5.505411922520035825e-04 7.461011062564577578e-01
1.000000000000000000e+00 3.040932492280848357e-05 8.754058540827389101e-02
1.000000000000000000e+00 9.973494234308606817e-05 2.145590010210446652e-01
1.000000000000000000e+00 5.555928889388905313e-04 5.984021770331870993e-01
1.000000000000000000e+00 2.546651041372225018e-05 9.632864487775552043e-01
1.000000000000000000e+00 4.166044052146210242e-04 9.425501473648183470e-01
2.000000000000000000e+00 4.577017227086098667e-06 3.809663376415435565e-02
2.000000000000000000e+00 9.246221449469373176e-05 7.015344518683676034e-01
2.000000000000000000e+00 1.226400878093570195e-05 1.901306693539591697e-01
2.000000000000000000e+00 8.417712407281959167e-06 1.331035843185512657e-01
2.000000000000000000e+00 1.074665935321591674e-07 2.050897918775796910e-04
2.000000000000000000e+00 3.953503364750360500e-06 4.099583321855532897e-02
1.000000000000000000e+00 7.238810139666182301e-04 9.462897469252771199e-01
1.000000000000000000e+00 7.408590227423450785e-04 9.118339682905440835e-01
1.000000000000000000e+00 1.206826996695185839e-03 8.159420065558005142e-01
1.000000000000000000e+00 7.887469922390108988e-04 8.296667043660858054e-01
1.000000000000000000e+00 2.456662729818923489e-05 3.729438997980577541e-02
1.000000000000000000e+00 9.423362262118287810e-04 6.209519465759997248e-01
1.000000000000000000e+00 2.516018818554010997e-04 6.870470873609496598e-01
1.000000000000000000e+00 7.229029298893432996e-05 4.442365354724835402e-01
1.000000000000000000e+00 7.023830758765497269e-05 5.144836594608748204e-01
1.000000000000000000e+00 1.133676610616569839e-05 9.956529002607343581e-02
1.000000000000000000e+00 5.411437517166250560e-06 2.033081913212186204e-02
1.000000000000000000e+00 2.918488574867101045e-05 1.258370485280873863e-01
1.000000000000000000e+00 8.882303199503675762e-04 6.219585296621316095e-01
1.000000000000000000e+00 2.357471063513325710e-04 2.987002812256699946e-01
2.000000000000000000e+00 4.101747326529032202e-06 3.002403512639134631e-01
1.000000000000000000e+00 3.400625126112367540e-05 1.308417985476576506e-01
1.000000000000000000e+00 9.923375914397943932e-05 2.049695625989212955e-01
1.000000000000000000e+00 1.906651666315653895e-04 2.462740059904199585e-01
1.000000000000000000e+00 2.552768758628293395e-04 8.646484737946908972e-01
1.000000000000000000e+00 3.086225849865023682e-04 9.036301776850886869e-01
1.000000000000000000e+00 1.640556242529787369e-04 2.580064384978962844e-01
1.000000000000000000e+00 1.445465685907611116e-05 3.830884994210078526e-02
1.000000000000000000e+00 1.855924351491137743e-03 9.544515464035043806e-01
2.000000000000000000e+00 2.096216811273541960e-05 2.951394383415091305e-01
1.000000000000000000e+00 2.629819254102102759e-05 2.799606123923255585e-01
2.000000000000000000e+00 5.977946360253383562e-06 9.477223623332381441e-02
1.000000000000000000e+00 5.410704707291337273e-05 2.610150296745844534e-01
2.000000000000000000e+00 5.332549178657766471e-06 1.570416647431613077e-01
1.000000000000000000e+00 6.273731263860255316e-05 4.519744218360959298e-01
