1.000000000000000000e+00 2.206480286121389632e-04 6.273130408969115335e-01
1.000000000000000000e+00 4.821651703257845793e-08 9.599518816677350881e-05
1.000000000000000000e+00 5.817229452082509815e-04 6.085797728422276398e-01
1.000000000000000000e+00 1.181172281310627340e-05 3.907201424180328092e-02
1.000000000000000000e+00 4.247278711014393685e-04 4.185990427765651223e-01
2.000000000000000000e+00 6.629451635891261485e-04 9.150201265450399468e-01
1.000000000000000000e+00 9.615900493226082948e-04 5.812809452316165526e-01
2.000000000000000000e+00 1.852137561513170065e-04 3.731265082474127248e-01
1.000000000000000000e+00 5.286281308632953736e-05 1.239156426780085862e-01
1.000000000000000000e+00 1.763349194747917384e-04 2.729360620921468250e-01
1.000000000000000000e+00 3.777872938317816936e-04 7.642043838682162082e-01
1.000000000000000000e+00 3.279932772000389123e-04 5.552619768221986885e-01
1.000000000000000000e+00 3.793550653294382592e-04 9.970490541694824183e-01
1.000000000000000000e+00 1.223140023178817212e-04 8.925299480770028104e-01
2.000000000000000000e+00 7.474826548814051232e-04 7.297990734752765052e-01
1.000000000000000000e+00 3.587717153203015248e-05 9.262478324534505203e-02
1.000000000000000000e+00 1.258098406813772964e-04 3.273955024925563340e-01
1.000000000000000000e+00 4.114663084537653853e-04 6.321113522273367202e-01
1.000000000000000000e+00 2.557335165087396814e-05 8.856632969308662062e-01
1.000000000000000000e+00 2.539304209161281542e-04 9.686081704457338848e-01
2.000000000000000000e+00 3.943217474253800999e-06 3.357573423071520680e-02
2.000000000000000000e+00 7.825166574630502839e-05 7.640902427044912182e-01
2.000000000000000000e+00 2.826222820924153775e-05 3.331908988211174094e-01
2.000000000000000000e+00 1.358405733995754410e-05 2.645946855230716377e-01
2.000000000000000000e+00 2.232548674352948436e-06 5.827657637010432226e-03
2.000000000000000000e+00 7.748978514177062534e-06 1.833528547086632765e-01
1.000000000000000000e+00 5.274261405020400171e-04 9.650334709473695760e-01
1.000000000000000000e+00 3.462641832596344543e-04 9.729216171141636949e-01
1.000000000000000000e+00 1.202743333528086484e-03 9.349498800978999213e-01
1.000000000000000000e+00 5.590815375320584788e-04 8.375111628312494894e-01
1.000000000000000000e+00 2.614815681482940963e-05 4.095462426729992722e-02
1.000000000000000000e+00 9.479330230160097582e-04 6.611726821563862488e-01
1.000000000000000000e+00 2.993606978774010843e-04 9.322784593326866043e-01
1.000000000000000000e+00 7.549501571257336756e-05 6.564029886668434344e-01
1.000000000000000000e+00 5.561885842221563650e-05 4.751504573721446745e-01
1.000000000000000000e+00 3.590867201282378475e-06 2.856736686408967857e-02
1.000000000000000000e+00 7.392342247766303908e-06 3.053846790685482704e-02
1.000000000000000000e+00 7.643590658110778783e-05 3.013040136148508741e-01
1.000000000000000000e+00 8.378563759076304313e-04 6.293021726374361524e-01
1.000000000000000000e+00 2.004580704037662155e-04 1.895391670256567351e-01
2.000000000000000000e+00 1.809569782449516018e-06 1.404930350126164518e-01
1.000000000000000000e+00 3.036498961925171146e-05 9.545699825849891795e-02
1.000000000000000000e+00 1.181816363339868449e-04 3.939577099235990199e-01
1.000000000000000000e+00 2.080034792946927277e-04 3.696449254693818243e-01
1.000000000000000000e+00 2.918576042039931740e-04 8.910271213553202507e-01
1.000000000000000000e+00 1.755293262488748457e-04 9.567193393608470764e-01
1.000000000000000000e+00 1.705065164914825685e-04 3.323092671032953360e-01
1.000000000000000000e+00 3.841825445928945861e-05 1.012801434629385794e-01
1.000000000000000000e+00 1.727269815735229174e-03 9.437453323894984258e-01
2.000000000000000000e+00 2.923826262121027414e-05 4.536257390416125190e-01
1.000000000000000000e+00 2.092374030545987460e-05 1.916372824087986815e-01
2.000000000000000000e+00 1.036475270363947633e-05 2.027070192503641344e-01
1.000000000000000000e+00 4.168189681750792715e-05 1.969609096916729030e-01
2.000000000000000000e+00 1.468766547935382666e-05 7.298828211761064777e-01
1.000000000000000000e+00 5.237194955089847191e-05 3.654299008452622788e-01
