1.000000000000000000e+00 2.261139404948986841e-04 4.630317845110850095e-01
1.000000000000000000e+00 2.764690019552338186e-08 5.382961224135956150e-05
1.000000000000000000e+00 5.971486852246974406e-04 6.882899953142449512e-01
1.000000000000000000e+00 7.788058975929199344e-06 2.488692371227643751e-02
1.000000000000000000e+00 3.674088318234213987e-04 5.386110763468098250e-01
2.000000000000000000e+00 6.683266345303871207e-04 9.144387474642852176e-01
1.000000000000000000e+00 1.122162288905974130e-03 6.209543750824314534e-01
2.000000000000000000e+00 7.907897266938480484e-05 1.241075040268225377e-01
1.000000000000000000e+00 6.569194269201297039e-05 1.729639421876180139e-01
1.000000000000000000e+00 5.425097378347424606e-04 6.028059404404442212e-01
1.000000000000000000e+00 2.935213446658799675e-04 4.939100354370949408e-01
1.000000000000000000e+00 2.563358133460791853e-04 3.845947525687647417e-01
1.000000000000000000e+00 4.710623455400108402e-04 9.633721002881168172e-01
1.000000000000000000e+00 2.096227215114117260e-04 8.543108623629280807e-01
2.000000000000000000e+00 5.409347542883261029e-04 7.430607590216836700e-01
1.000000000000000000e+00 3.034626565905880816e-05 8.713738922324415492e-02
1.000000000000000000e+00 9.383597418858422479e-05 2.033334183503509307e-01
1.000000000000000000e+00 5.893503126495288659e-04 6.073207416159739358e-01
1.000000000000000000e+00 2.544454918890277470e-05 9.630233688240852352e-01
1.000000000000000000e+00 4.165058681983173404e-04 9.422381680686408023e-01
2.000000000000000000e+00 4.791533952382222891e-06 4.515204471970565153e-02
2.000000000000000000e+00 9.148173529592150844e-05 6.890935400661246657e-01
2.000000000000000000e+00 1.438013836551664681e-05 1.955878793621596279e-01
2.000000000000000000e+00 8.000374221961717043e-06 1.211866614937979758e-01
2.000000000000000000e+00 1.064869615903245083e-07 2.053153665996886165e-04
2.000000000000000000e+00 4.084021392362106458e-06 4.288889344069576198e-02
1.000000000000000000e+00 7.316973495548144673e-04 9.457860334985789263e-01
1.000000000000000000e+00 7.597778554061479332e-04 9.087336886669556968e-01
1.000000000000000000e+00 1.245142353636947714e-03 8.341950771773902762e-01
1.000000000000000000e+00 8.139591948511486208e-04 8.169714658531478380e-01
1.000000000000000000e+00 2.388653203976007209e-05 3.409029083141418975e-02
1.000000000000000000e+00 9.326320470579076713e-04 5.944549813713949638e-01
1.000000000000000000e+00 2.746353043150218196e-04 6.951351610101291767e-01
1.000000000000000000e+00 7.221989960919172685e-05 4.425061287622356621e-01
1.000000000000000000e+00 6.951869567127887790e-05 5.054373259310452893e-01
1.000000000000000000e+00 1.131337376271165450e-05 9.611237283344044313e-02
1.000000000000000000e+00 5.443338503815000338e-06 2.057778565191835385e-02
1.000000000000000000e+00 2.965804350389654668e-05 1.256877236726895442e-01
1.000000000000000000e+00 8.831033331589750084e-04 6.418959013934357749e-01
1.000000000000000000e+00 2.351695087424512942e-04 2.942401830197316492e-01
2.000000000000000000e+00 4.290736524855656791e-06 3.035343591504838234e-01
1.000000000000000000e+00 3.455161135579274691e-05 1.319421981535776056e-01
1.000000000000000000e+00 9.914528873399617150e-05 2.043213298637802933e-01
1.000000000000000000e+00 1.909601539668463808e-04 2.438877794130814014e-01
1.000000000000000000e+00 2.513515687124935204e-04 8.451752525933871052e-01
1.000000000000000000e+00 3.182810547704605845e-04 9.035133660516163623e-01
1.000000000000000000e+00 1.649543704193995601e-04 2.584146806768714555e-01
1.000000000000000000e+00 1.446849441110949489e-05 3.831422357721983585e-02
1.000000000000000000e+00 1.872318341879417990e-03 9.542729478613980465e-01
2.000000000000000000e+00 2.312699807528926062e-05 3.105335024273188083e-01
1.000000000000000000e+00 2.575007116175926768e-05 2.628540692972451964e-01
2.000000000000000000e+00 5.259759246131928553e-06 7.154595287425488670e-02
1.000000000000000000e+00 4.982694087915529453e-05 2.511493436659686385e-01
2.000000000000000000e+00 4.417843376829783210e-06 9.424924535914207258e-02
1.000000000000000000e+00 6.213290338664806108e-05 4.460293302594046660e-01
