1.000000000000000000e+00 2.256260258268049529e-04 4.662863880872170075e-01
1.000000000000000000e+00 2.512596181396089351e-08 4.713691281302377357e-05
1.000000000000000000e+00 5.678798113022841178e-04 7.278971909631684056e-01
1.000000000000000000e+00 7.722787553288640923e-06 2.535489606756774483e-02
1.000000000000000000e+00 3.824570027395649777e-04 5.847536383637014223e-01
2.000000000000000000e+00 6.492392115184154357e-04 9.027657519817527954e-01
1.000000000000000000e+00 1.060415862112499543e-03 6.618004464078816040e-01
2.000000000000000000e+00 8.168102582548841470e-05 1.291255555812441669e-01
1.000000000000000000e+00 7.652505354100640287e-05 2.037083403522274017e-01
1.000000000000000000e+00 4.796975303686939617e-04 6.770695059654719961e-01
1.000000000000000000e+00 2.775223729305382201e-04 5.430186237033433061e-01
1.000000000000000000e+00 2.806105703930067375e-04 4.424939913617843001e-01
1.000000000000000000e+00 3.565907682388323036e-04 8.506520574332093743e-01
1.000000000000000000e+00 1.614211664188444965e-04 8.892205123576411019e-01
2.000000000000000000e+00 4.125151278759497551e-04 8.158303993334828919e-01
1.000000000000000000e+00 3.294599816828469146e-05 1.030381803978410171e-01
1.000000000000000000e+00 1.076625558409921709e-04 2.424519363881916523e-01
1.000000000000000000e+00 6.200181636928957848e-04 6.123835075266701455e-01
1.000000000000000000e+00 2.064204207809871604e-05 9.719636976561893960e-01
1.000000000000000000e+00 3.330061682984866950e-04 9.569534122045695312e-01
2.000000000000000000e+00 4.603591586428998505e-06 4.099770859166961684e-02
2.000000000000000000e+00 9.542612286163584053e-05 7.222140328621032834e-01
2.000000000000000000e+00 1.135485948525166006e-05 1.600516255578349201e-01
2.000000000000000000e+00 9.877851005983759257e-06 1.485706359078065031e-01
2.000000000000000000e+00 9.740792021067064198e-08 1.835853292314677701e-04
2.000000000000000000e+00 4.149393023130428067e-06 3.778534809978856962e-02
1.000000000000000000e+00 6.490470456664820245e-04 9.551327154704009059e-01
1.000000000000000000e+00 7.067885455077643634e-04 9.103458835714586250e-01
1.000000000000000000e+00 1.129441092997830699e-03 8.383473448144673768e-01
1.000000000000000000e+00 8.008024482469104904e-04 8.105832767643417203e-01
1.000000000000000000e+00 2.773620167041264566e-05 4.329793978953291878e-02
1.000000000000000000e+00 9.384710062089289540e-04 5.848551651189460854e-01
1.000000000000000000e+00 2.720702622629592496e-04 6.967267436516774159e-01
1.000000000000000000e+00 7.885066920668157091e-05 5.642081820821207572e-01
1.000000000000000000e+00 7.755654151617628834e-05 6.491709687107910520e-01
1.000000000000000000e+00 1.802553104272186879e-05 1.572118410484623363e-01
1.000000000000000000e+00 6.424920851423721911e-06 2.404991346388224080e-02
1.000000000000000000e+00 4.126625899572078561e-05 2.118158652629508198e-01
1.000000000000000000e+00 8.640499185483172494e-04 6.593753216525972682e-01
1.000000000000000000e+00 2.777953723473999890e-04 3.395104529746857946e-01
2.000000000000000000e+00 4.402244350529704880e-06 3.404577093677106370e-01
1.000000000000000000e+00 4.749133024484268563e-05 2.106308265243646283e-01
1.000000000000000000e+00 1.055442339228456302e-04 2.407187261812439028e-01
1.000000000000000000e+00 1.863995611533050454e-04 2.641230937630964504e-01
1.000000000000000000e+00 1.727175460192449479e-04 6.333727649941160998e-01
1.000000000000000000e+00 2.412497067485717419e-04 9.257768564627943952e-01
1.000000000000000000e+00 1.731193637909525832e-04 2.892790391307173969e-01
1.000000000000000000e+00 1.916027420702130573e-05 5.309690535075635431e-02
1.000000000000000000e+00 1.810636742753897032e-03 9.668485949938570023e-01
2.000000000000000000e+00 1.892155729025022973e-05 2.649855757407773571e-01
1.000000000000000000e+00 2.368885940358077461e-05 2.043267603489251905e-01
2.000000000000000000e+00 7.462748893693255750e-06 1.321633454004009223e-01
1.000000000000000000e+00 5.236587433021604697e-05 2.781685497957770981e-01
2.000000000000000000e+00 4.477435079196401939e-06 9.378701715623757873e-02
1.000000000000000000e+00 6.428226240881722872e-05 5.082228668610295763e-01
