1.000000000000000000e+00 2.262661806678934113e-04 4.634743346023517674e-01
1.000000000000000000e+00 2.786184336173525483e-08 5.431585841904367000e-05
1.000000000000000000e+00 5.955348498216310286e-04 6.886487359060308178e-01
1.000000000000000000e+00 7.809535715127258657e-06 2.494742632595018522e-02
1.000000000000000000e+00 3.677777185729821084e-04 5.388000802703146741e-01
2.000000000000000000e+00 6.644680635231962331e-04 9.081029719740261186e-01
1.000000000000000000e+00 1.122135062006562661e-03 6.209623978265024213e-01
2.000000000000000000e+00 7.898083221903319474e-05 1.239512669150424906e-01
1.000000000000000000e+00 6.569028802128904561e-05 1.704310873488679989e-01
1.000000000000000000e+00 5.426500941293579440e-04 6.027743429443409573e-01
1.000000000000000000e+00 2.919935358366661021e-04 4.959783760431963340e-01
1.000000000000000000e+00 2.565997174486662731e-04 3.866832633738047087e-01
1.000000000000000000e+00 4.703122530755797178e-04 9.634323764720351679e-01
1.000000000000000000e+00 2.082518423430781106e-04 8.556645361449564113e-01
2.000000000000000000e+00 5.380449017691635739e-04 7.439238228163874700e-01
1.000000000000000000e+00 3.039305181674331813e-05 8.740635821364292624e-02
1.000000000000000000e+00 9.544873779376698321e-05 2.057077617704588524e-01
1.000000000000000000e+00 5.888066846137801494e-04 5.992491942378793679e-01
1.000000000000000000e+00 2.543713726936256095e-05 9.630849231647538033e-01
1.000000000000000000e+00 4.165092951761396271e-04 9.423447445355814800e-01
2.000000000000000000e+00 4.784801030750926096e-06 4.429802740886060186e-02
2.000000000000000000e+00 9.160905778492840941e-05 6.928425629505977623e-01
2.000000000000000000e+00 1.361053490737245824e-05 1.873811742725479401e-01
2.000000000000000000e+00 8.202356953798467930e-06 1.242425984861484506e-01
2.000000000000000000e+00 1.066064735259008040e-07 2.052293149308556414e-04
2.000000000000000000e+00 4.041633771120769304e-06 4.223990114827699816e-02
1.000000000000000000e+00 7.305768834048607984e-04 9.457815479877523801e-01
1.000000000000000000e+00 7.540494934333511617e-04 9.100331319124383977e-01
1.000000000000000000e+00 1.237502090574564475e-03 8.334581166239322103e-01
1.000000000000000000e+00 8.053365628765288362e-04 8.204722818557114161e-01
1.000000000000000000e+00 2.383004423276757877e-05 3.459071365709914109e-02
1.000000000000000000e+00 9.513718080274060620e-04 6.088008353510441228e-01
1.000000000000000000e+00 2.750622105706089808e-04 6.999356352417547278e-01
1.000000000000000000e+00 7.213683894686178473e-05 4.425776021386733650e-01
1.000000000000000000e+00 7.022250518949272994e-05 5.110479886377405911e-01
1.000000000000000000e+00 1.124703246613600373e-05 9.714781046936310505e-02
1.000000000000000000e+00 5.439207534341460964e-06 2.052859389812301469e-02
1.000000000000000000e+00 2.959632944151462528e-05 1.260092516117258810e-01
1.000000000000000000e+00 8.833723576825550138e-04 6.406745567164219279e-01
1.000000000000000000e+00 2.347245104723440397e-04 2.944194504742443375e-01
2.000000000000000000e+00 4.246671087308764025e-06 3.025107609012201437e-01
1.000000000000000000e+00 3.444089315041964634e-05 1.323008450499677802e-01
1.000000000000000000e+00 9.914630301831940965e-05 2.048508520548016909e-01
1.000000000000000000e+00 1.909103094213357487e-04 2.449056835130789256e-01
1.000000000000000000e+00 2.514020732462731583e-04 8.482551842199895775e-01
1.000000000000000000e+00 3.154373582468269609e-04 9.031075533543617695e-01
1.000000000000000000e+00 1.595977376024676399e-04 2.471873658629183401e-01
1.000000000000000000e+00 1.446110132860262929e-05 3.827773003368844379e-02
1.000000000000000000e+00 1.870498180039370517e-03 9.543155639661239364e-01
2.000000000000000000e+00 2.237817967266790946e-05 2.983725840165031284e-01
1.000000000000000000e+00 2.524148099966638101e-05 2.542525626713291187e-01
2.000000000000000000e+00 5.864951365461916964e-06 8.635862399632802944e-02
1.000000000000000000e+00 4.878715884309807043e-05 2.480810337376532226e-01
2.000000000000000000e+00 4.359739325274474444e-06 9.427742585864853919e-02
1.000000000000000000e+00 6.200151847537662330e-05 4.466827465920652496e-01
