1.000000000000000000e+00 2.779171634149086960e-04 5.576851869592587274e-01
1.000000000000000000e+00 8.932274571819808451e-08 1.500971772619024726e-04
1.000000000000000000e+00 5.632728266543009709e-04 7.170670414279799454e-01
1.000000000000000000e+00 9.134898386560992735e-06 3.002209911482186730e-02
1.000000000000000000e+00 3.849409925194731950e-04 5.642197597878259030e-01
2.000000000000000000e+00 5.929648066190099445e-04 8.779349653740613491e-01
1.000000000000000000e+00 7.420272326668767883e-04 5.046470327231724617e-01
2.000000000000000000e+00 8.014404391070356149e-05 1.362367570783187543e-01
1.000000000000000000e+00 5.389878915644137083e-05 1.095021567599353818e-01
1.000000000000000000e+00 4.971267197834840874e-04 6.308992835270605948e-01
1.000000000000000000e+00 3.176414329805320332e-04 5.866125569432778519e-01
1.000000000000000000e+00 2.824919961887710170e-04 4.378542228798893987e-01
1.000000000000000000e+00 3.759466960364028798e-04 9.489746906179179486e-01
1.000000000000000000e+00 1.677620469807849959e-04 8.808685033895180538e-01
2.000000000000000000e+00 9.203495080098034881e-04 7.808270547779624371e-01
1.000000000000000000e+00 3.209116056866596992e-05 9.115033344430284457e-02
1.000000000000000000e+00 1.169250850008927273e-04 2.690106916376222013e-01
1.000000000000000000e+00 3.483716582011264578e-04 6.344755896208690293e-01
1.000000000000000000e+00 2.347190515554706879e-05 9.654362144456780648e-01
1.000000000000000000e+00 3.754858019732936012e-04 9.490141579511619518e-01
2.000000000000000000e+00 3.359786675357770253e-06 2.487319216951545953e-02
2.000000000000000000e+00 9.521308317292279772e-05 7.715903880010187565e-01
2.000000000000000000e+00 1.022982869530329485e-05 1.343619468921987414e-01
2.000000000000000000e+00 1.004178137617687692e-05 1.645087215091080024e-01
2.000000000000000000e+00 8.648037788846207834e-08 1.600161600827262030e-04
2.000000000000000000e+00 3.643559582432174278e-06 3.504038347817847732e-02
1.000000000000000000e+00 6.354153739330455119e-04 9.547683280880239209e-01
1.000000000000000000e+00 5.739325150831007171e-04 9.359679541482653908e-01
1.000000000000000000e+00 1.296995063330742132e-03 7.482734542034130687e-01
1.000000000000000000e+00 8.016388858941332499e-04 8.527077226666350818e-01
1.000000000000000000e+00 3.003395804708157001e-05 5.097520183451027115e-02
1.000000000000000000e+00 7.984424550638920693e-04 5.915126539510702219e-01
1.000000000000000000e+00 1.829421226996051533e-04 6.829142467689074403e-01
1.000000000000000000e+00 7.495881599596016963e-05 4.988072842466627632e-01
1.000000000000000000e+00 7.385057257481668087e-05 5.832498571632790396e-01
1.000000000000000000e+00 1.404003992673072900e-05 1.414987196639106437e-01
1.000000000000000000e+00 5.857076588286762573e-06 2.183521660190888836e-02
1.000000000000000000e+00 3.257431492552976979e-05 1.578999856323160533e-01
1.000000000000000000e+00 8.778638343485373023e-04 6.194042381136277697e-01
1.000000000000000000e+00 3.694997574925136682e-04 4.685213655124254029e-01
2.000000000000000000e+00 3.468093710949709156e-06 3.458029679839851322e-01
1.000000000000000000e+00 3.748687647717011161e-05 1.587917589276588715e-01
1.000000000000000000e+00 1.007075059311153987e-04 2.200999390782504284e-01
1.000000000000000000e+00 1.944423228008254503e-04 2.737622982896752433e-01
1.000000000000000000e+00 2.409388961810381006e-04 8.368614152908061543e-01
1.000000000000000000e+00 2.405119487785200248e-04 9.322974844849777343e-01
1.000000000000000000e+00 1.348837755911426093e-04 2.083974669352715026e-01
1.000000000000000000e+00 1.474456924105966072e-05 3.832863721146852198e-02
1.000000000000000000e+00 1.814878882299038321e-03 9.614934840524398396e-01
2.000000000000000000e+00 2.116989080333537608e-05 3.052167385483532391e-01
1.000000000000000000e+00 2.982535602132443432e-05 3.352050047950400624e-01
2.000000000000000000e+00 5.729149578069784481e-06 8.847261649552934371e-02
1.000000000000000000e+00 6.884348360692519458e-05 3.216735046742704718e-01
2.000000000000000000e+00 9.605703926538615805e-06 4.013430764687663799e-01
1.000000000000000000e+00 7.453329337769732505e-05 5.445240176611254590e-01
