1.000000000000000000e+00 2.531586304390582892e-04 5.759118718451352592e-01
1.000000000000000000e+00 6.774868246595488024e-08 1.354598639259281838e-04
1.000000000000000000e+00 5.875446773538564463e-04 6.755085121896642342e-01
1.000000000000000000e+00 9.271075820977373540e-06 3.004520911125502930e-02
1.000000000000000000e+00 3.870922001689358020e-04 4.934185997878737240e-01
2.000000000000000000e+00 6.295444841205754443e-04 9.362543798309087562e-01
1.000000000000000000e+00 9.655056789725340862e-04 5.854657331381702967e-01
2.000000000000000000e+00 1.022968883541813925e-04 1.761493028117825654e-01
1.000000000000000000e+00 5.210281655041203364e-05 1.233000369163562149e-01
1.000000000000000000e+00 4.408567937618692711e-04 6.179487916424848404e-01
1.000000000000000000e+00 3.208575448037951435e-04 5.659070516870741141e-01
1.000000000000000000e+00 2.764351556312957250e-04 4.236496647014765249e-01
1.000000000000000000e+00 4.278595756788468752e-04 9.800539168695330261e-01
1.000000000000000000e+00 1.853079688272428840e-04 8.685842221349332481e-01
2.000000000000000000e+00 7.183703002068045872e-04 7.511907677744635858e-01
1.000000000000000000e+00 3.097777341256502159e-05 8.171095637455069727e-02
1.000000000000000000e+00 1.092048216764643972e-04 2.722455370020207543e-01
1.000000000000000000e+00 4.065884676295018979e-04 6.247155653171487799e-01
1.000000000000000000e+00 2.669219906025190208e-05 9.524724198088522220e-01
1.000000000000000000e+00 4.121528590298214993e-04 9.422538111493931057e-01
2.000000000000000000e+00 3.998429359281130237e-06 3.127859131455918568e-02
2.000000000000000000e+00 8.492433530186930678e-05 7.560857865194341443e-01
2.000000000000000000e+00 2.321001130182646861e-05 3.022710342258415062e-01
2.000000000000000000e+00 1.223320555379250791e-05 2.188225737508376068e-01
2.000000000000000000e+00 1.260742253871407504e-06 3.127438018531101312e-03
2.000000000000000000e+00 5.302665343974357487e-06 8.791396717334992728e-02
1.000000000000000000e+00 6.960875567717899866e-04 9.479124991809787515e-01
1.000000000000000000e+00 6.024830807680868917e-04 9.425255101387853829e-01
1.000000000000000000e+00 1.293502843131097684e-03 8.717265678875950607e-01
1.000000000000000000e+00 6.997547831823694572e-04 8.668833070321145806e-01
1.000000000000000000e+00 2.516521135535523191e-05 4.415246343983243726e-02
1.000000000000000000e+00 9.581596962326811937e-04 6.619300922872217718e-01
1.000000000000000000e+00 2.512188436036975241e-04 8.495371178154628167e-01
1.000000000000000000e+00 7.069767538482963699e-05 4.528297391547060347e-01
1.000000000000000000e+00 6.743302969703697395e-05 5.147804855748522312e-01
1.000000000000000000e+00 7.170122272617917815e-06 6.555608177436203499e-02
1.000000000000000000e+00 5.415793349343485628e-06 2.046640210142109881e-02
1.000000000000000000e+00 4.449489437257954773e-05 1.883661717162386506e-01
1.000000000000000000e+00 8.832972910562122363e-04 6.305817651965494042e-01
1.000000000000000000e+00 2.245355531247619123e-04 2.454347077893837270e-01
2.000000000000000000e+00 3.027700235582324926e-06 3.091921150966976395e-01
1.000000000000000000e+00 3.093912959549999068e-05 1.084991069123027591e-01
1.000000000000000000e+00 9.995791641736285820e-05 2.187014342211518469e-01
1.000000000000000000e+00 1.965486742912509572e-04 2.803366887447446554e-01
1.000000000000000000e+00 2.775375868904408233e-04 8.841172299433668336e-01
1.000000000000000000e+00 2.664623927389933155e-04 9.231621451113204424e-01
1.000000000000000000e+00 1.543709528795290530e-04 2.555029883865240214e-01
1.000000000000000000e+00 1.621185744054496526e-05 4.233112250810500132e-02
1.000000000000000000e+00 1.833011270080882847e-03 9.498571962283777204e-01
2.000000000000000000e+00 2.512562318388965519e-05 3.767794914391394689e-01
1.000000000000000000e+00 2.789037635537510655e-05 3.261753656616273589e-01
2.000000000000000000e+00 8.474022223707592191e-06 1.451191324132928007e-01
1.000000000000000000e+00 5.526831049954601010e-05 2.770903279008103404e-01
2.000000000000000000e+00 1.296962730175429567e-05 5.757541181110781281e-01
1.000000000000000000e+00 6.142660046756747815e-05 4.966508072708965549e-01
