1.000000000000000000e+00 3.149786055944546210e-04 6.453133927133647418e-01
1.000000000000000000e+00 1.110538058623555388e-07 1.821516788470809226e-04
1.000000000000000000e+00 5.332188846547180954e-04 7.413430332213881702e-01
1.000000000000000000e+00 1.049075609640480507e-05 3.508572730045170923e-02
1.000000000000000000e+00 3.957854483143191052e-04 5.802620594997823789e-01
2.000000000000000000e+00 5.643270711861705577e-04 8.428397625301262686e-01
1.000000000000000000e+00 5.783501854565029554e-04 4.309576494704581706e-01
2.000000000000000000e+00 8.239415801541890303e-05 1.481526884493702123e-01
1.000000000000000000e+00 5.051315227802060596e-05 9.551060224576031488e-02
1.000000000000000000e+00 4.482896239366702235e-04 6.478788871388940773e-01
1.000000000000000000e+00 3.417947005796426120e-04 6.937815722057639745e-01
1.000000000000000000e+00 3.110999565494342359e-04 4.964124033132469860e-01
1.000000000000000000e+00 2.977165894543080168e-04 9.034288818187623527e-01
1.000000000000000000e+00 1.286305819335054458e-04 9.045548273365651148e-01
2.000000000000000000e+00 1.122943552773245524e-03 7.661624463629114201e-01
1.000000000000000000e+00 3.348794879315009114e-05 9.291944524897902125e-02
1.000000000000000000e+00 1.397624104090011709e-04 3.403255274206877790e-01
1.000000000000000000e+00 2.798237847694806896e-04 6.372870976550407685e-01
1.000000000000000000e+00 2.123645396273327426e-05 9.668595923003565629e-01
1.000000000000000000e+00 3.172712545960490959e-04 9.581245526293068471e-01
2.000000000000000000e+00 2.661123971449553473e-06 2.331602711716510706e-02
2.000000000000000000e+00 9.629094972783386710e-05 8.169081614532291979e-01
2.000000000000000000e+00 9.751522155251667617e-06 1.216014215767743240e-01
2.000000000000000000e+00 1.077411254862965390e-05 1.706134657573828706e-01
2.000000000000000000e+00 7.964182309343343754e-08 1.463426197253859607e-04
2.000000000000000000e+00 3.455389229548288009e-06 3.370356923410066513e-02
1.000000000000000000e+00 5.237556019578804489e-04 9.650127423639678348e-01
1.000000000000000000e+00 4.126698314261648430e-04 9.619466817275045267e-01
1.000000000000000000e+00 1.340981440236764565e-03 7.159473477548782272e-01
1.000000000000000000e+00 8.078703121232476327e-04 8.588277634615359979e-01
1.000000000000000000e+00 3.723169990131941953e-05 6.506003182394642925e-02
1.000000000000000000e+00 7.696083069547478284e-04 5.759605724398642046e-01
1.000000000000000000e+00 1.628150495055484157e-04 6.447600816201224383e-01
1.000000000000000000e+00 7.782306437045529931e-05 5.907923668855750154e-01
1.000000000000000000e+00 7.800850821615175487e-05 6.514894552930631244e-01
1.000000000000000000e+00 1.539521831683369763e-05 1.628954152729984728e-01
1.000000000000000000e+00 6.319822160667674523e-06 2.343871780169935054e-02
1.000000000000000000e+00 3.544917573888047132e-05 1.834796089933386221e-01
1.000000000000000000e+00 8.710642555617369815e-04 6.142347496488739234e-01
1.000000000000000000e+00 4.357144268753022193e-04 5.486886494615591525e-01
2.000000000000000000e+00 3.115087541539106034e-06 3.328568578089838859e-01
1.000000000000000000e+00 4.090795634290989946e-05 1.888949224621318257e-01
1.000000000000000000e+00 1.040417412391536362e-04 2.504646193198046267e-01
1.000000000000000000e+00 1.996093368989684184e-04 3.143810095511794245e-01
1.000000000000000000e+00 2.298689205567432624e-04 8.403370637065615822e-01
1.000000000000000000e+00 1.905599999870613126e-04 9.530950478478461552e-01
1.000000000000000000e+00 1.217178212090727217e-04 1.888009654341053500e-01
1.000000000000000000e+00 1.470409485040138448e-05 3.740814433372753600e-02
1.000000000000000000e+00 1.754597583334280720e-03 9.686321664442478774e-01
2.000000000000000000e+00 2.091402932406212994e-05 2.970705230559775867e-01
1.000000000000000000e+00 3.151970569093533533e-05 3.633171573057123460e-01
2.000000000000000000e+00 5.866727618911565112e-06 8.858423105365011152e-02
1.000000000000000000e+00 7.327181073854172771e-05 3.424354229994700516e-01
2.000000000000000000e+00 1.120428582840998710e-05 4.751783876210540214e-01
1.000000000000000000e+00 8.058769647521459760e-05 5.966234402539076775e-01
