1.000000000000000000e+00 2.519346461987103086e-04 5.537333521273579695e-01
1.000000000000000000e+00 6.615572500651898587e-08 1.315786287630231802e-04
1.000000000000000000e+00 5.964940540207566569e-04 6.736581845388651679e-01
1.000000000000000000e+00 8.903466824824814749e-06 2.842474270239402079e-02
1.000000000000000000e+00 3.771053019998174354e-04 4.952539732577298515e-01
2.000000000000000000e+00 6.358463026291941893e-04 9.323483293034292574e-01
1.000000000000000000e+00 1.002688282013996634e-03 5.887521928197784193e-01
2.000000000000000000e+00 9.310325870396632311e-05 1.562084956709799966e-01
1.000000000000000000e+00 5.245779598549355806e-05 1.226481614848682622e-01
1.000000000000000000e+00 4.910414421650183617e-04 6.243074949165460241e-01
1.000000000000000000e+00 3.119078720497396508e-04 5.336139953726620755e-01
1.000000000000000000e+00 2.653820316996634981e-04 4.001041043426709076e-01
1.000000000000000000e+00 4.646527284263978364e-04 9.781266325618452884e-01
1.000000000000000000e+00 2.016677249677940138e-04 8.581716542346475851e-01
2.000000000000000000e+00 6.970903612490746354e-04 7.459952740786737202e-01
1.000000000000000000e+00 3.030661144930529862e-05 7.760382761348447178e-02
1.000000000000000000e+00 1.036648066985791140e-04 2.479717899482702104e-01
1.000000000000000000e+00 4.186063283505845386e-04 6.186220494395681113e-01
1.000000000000000000e+00 2.777530484005205996e-05 9.542077734424709856e-01
1.000000000000000000e+00 4.336008949227665031e-04 9.383545576211679284e-01
2.000000000000000000e+00 4.084559425221528253e-06 3.215332128398429995e-02
2.000000000000000000e+00 8.639314579321347772e-05 7.421972963797910383e-01
2.000000000000000000e+00 2.172079379754759991e-05 2.920740882869461985e-01
2.000000000000000000e+00 1.151672003833613597e-05 1.963375842329309340e-01
2.000000000000000000e+00 9.537925217734066787e-07 2.331424281626468583e-03
2.000000000000000000e+00 4.828923705999879577e-06 7.603622524013192718e-02
1.000000000000000000e+00 7.247711034764072694e-04 9.443157953975291896e-01
1.000000000000000000e+00 6.540778811671591831e-04 9.328725550853095294e-01
1.000000000000000000e+00 1.302409344201270599e-03 8.536443255987201661e-01
1.000000000000000000e+00 7.301550469950043691e-04 8.618006950445290526e-01
1.000000000000000000e+00 2.411193876532823652e-05 3.993382446821541754e-02
1.000000000000000000e+00 9.598840887695701861e-04 6.614588896146038621e-01
1.000000000000000000e+00 2.430132157786631792e-04 8.083815880547525756e-01
1.000000000000000000e+00 6.912911940179221359e-05 4.221869181084156875e-01
1.000000000000000000e+00 6.703703879071749351e-05 4.920036368110906055e-01
1.000000000000000000e+00 7.352890379161022953e-06 6.760365655123835860e-02
1.000000000000000000e+00 5.142158946759608583e-06 1.949363847174698586e-02
1.000000000000000000e+00 3.720415960696356236e-05 1.549903657008756541e-01
1.000000000000000000e+00 8.909688099716216864e-04 6.299255193518954465e-01
1.000000000000000000e+00 2.272556667016629984e-04 2.566678691056735184e-01
2.000000000000000000e+00 3.279584684325328243e-06 3.160278307389010610e-01
1.000000000000000000e+00 2.943240892847859207e-05 1.050249862714051630e-01
1.000000000000000000e+00 9.861340885038364225e-05 2.061231276660308032e-01
1.000000000000000000e+00 1.956542408348348162e-04 2.635823175442751909e-01
1.000000000000000000e+00 2.892332363448534244e-04 8.768584371510267372e-01
1.000000000000000000e+00 2.988936123951100449e-04 9.114282968259261875e-01
1.000000000000000000e+00 1.510793759135635505e-04 2.416934644688636669e-01
1.000000000000000000e+00 1.443088631352518921e-05 3.765981132168286227e-02
1.000000000000000000e+00 1.864748984121224890e-03 9.487409506524812075e-01
2.000000000000000000e+00 2.454579595011042390e-05 3.645479470990330428e-01
1.000000000000000000e+00 2.865088759025069599e-05 3.405518566567397043e-01
2.000000000000000000e+00 7.669492099752539050e-06 1.263334058803126658e-01
1.000000000000000000e+00 5.645762706204327978e-05 2.805693620998448434e-01
2.000000000000000000e+00 1.186451873716815655e-05 5.100902798368660562e-01
1.000000000000000000e+00 6.180884124520339611e-05 4.740211577362652973e-01
