1.000000000000000000e+00 2.200428533602702972e-04 4.551069651678156802e-01
1.000000000000000000e+00 3.074176087214390190e-08 5.657671221891621689e-05
1.000000000000000000e+00 5.839138984729830024e-04 6.905735201856479932e-01
1.000000000000000000e+00 7.659025323372465290e-06 2.470271031884017920e-02
1.000000000000000000e+00 3.609437496006420460e-04 5.617763052642152921e-01
2.000000000000000000e+00 6.547639794431463168e-04 9.116390786835284477e-01
1.000000000000000000e+00 1.111439885728458116e-03 6.263815592738679605e-01
2.000000000000000000e+00 7.790553394627267416e-05 1.218438083168441044e-01
1.000000000000000000e+00 6.920912244883635652e-05 1.762838916209392426e-01
1.000000000000000000e+00 5.309927294920676515e-04 6.186937792548542481e-01
1.000000000000000000e+00 2.923899559090620249e-04 4.964742360131454979e-01
1.000000000000000000e+00 2.467463614549662712e-04 3.719303207901172859e-01
1.000000000000000000e+00 4.475964262049656633e-04 9.516735808308161015e-01
1.000000000000000000e+00 2.103271177456766060e-04 8.545050886081918540e-01
2.000000000000000000e+00 5.278697540131526257e-04 7.535430840601496927e-01
1.000000000000000000e+00 3.071007702879830674e-05 9.071754740408027873e-02
1.000000000000000000e+00 9.432397972607473426e-05 2.057694521263726262e-01
1.000000000000000000e+00 5.996023806233894381e-04 5.762703141841025722e-01
1.000000000000000000e+00 2.440014894034955910e-05 9.647912651978671761e-01
1.000000000000000000e+00 4.021850904870234722e-04 9.445242665522672887e-01
2.000000000000000000e+00 4.974326374328166104e-06 5.073909197875345334e-02
2.000000000000000000e+00 9.052818352323060015e-05 6.679375432220120423e-01
2.000000000000000000e+00 1.625852603018012414e-05 2.000431869121522266e-01
2.000000000000000000e+00 5.303712368472138398e-06 6.860747485808123269e-02
2.000000000000000000e+00 1.049857469841285415e-07 2.020170692285980067e-04
2.000000000000000000e+00 3.954454406794383065e-06 3.956787215461485957e-02
1.000000000000000000e+00 7.231723003204258704e-04 9.468470953484359187e-01
1.000000000000000000e+00 7.680732076720602972e-04 9.056586090946949774e-01
1.000000000000000000e+00 1.231674309498711041e-03 8.339633084159416843e-01
1.000000000000000000e+00 8.397067584110146131e-04 8.062269238127108828e-01
1.000000000000000000e+00 2.388657563115415358e-05 3.403217118484651998e-02
1.000000000000000000e+00 9.912649608767420528e-04 6.704821339201411101e-01
1.000000000000000000e+00 2.969981855332274852e-04 6.793071801855496972e-01
1.000000000000000000e+00 7.402293992328337396e-05 4.600408984800149481e-01
1.000000000000000000e+00 7.120440364656203469e-05 5.186767142095106697e-01
1.000000000000000000e+00 1.081672427421931365e-05 8.771592063857448773e-02
1.000000000000000000e+00 5.634732331088787784e-06 2.141569134553304721e-02
1.000000000000000000e+00 3.013505581085614205e-05 1.306601850808565557e-01
1.000000000000000000e+00 8.792053202411562749e-04 6.427208012812892779e-01
1.000000000000000000e+00 2.421209370445756603e-04 2.954440254557273993e-01
2.000000000000000000e+00 4.557532632323853505e-06 3.001256615148389928e-01
1.000000000000000000e+00 3.708362232872052926e-05 1.417118280547824405e-01
1.000000000000000000e+00 9.953203144616055769e-05 2.043453106014206933e-01
1.000000000000000000e+00 1.899784661477524946e-04 2.429978142098171978e-01
1.000000000000000000e+00 2.368709959288024271e-04 7.759532066971434050e-01
1.000000000000000000e+00 3.131555573956421403e-04 9.067584675148605555e-01
1.000000000000000000e+00 1.743814934248172908e-04 2.782545793662702938e-01
1.000000000000000000e+00 1.500112717148901311e-05 3.977164780367292707e-02
1.000000000000000000e+00 1.872230785779594288e-03 9.596053778794788602e-01
2.000000000000000000e+00 2.475478015877918641e-05 3.276614647273518033e-01
1.000000000000000000e+00 2.500434284837980961e-05 2.500247056510487287e-01
2.000000000000000000e+00 5.081066470403354617e-06 6.568792538220927235e-02
1.000000000000000000e+00 5.293629478667239037e-05 2.504782612894968508e-01
2.000000000000000000e+00 4.414293328813151384e-06 9.457912399820232741e-02
1.000000000000000000e+00 6.357106760004318981e-05 4.472438014396846739e-01
