1.000000000000000000e+00 2.119832034293144159e-04 4.409523498825949073e-01
1.000000000000000000e+00 3.981850196648432984e-08 7.062058334286373069e-05
1.000000000000000000e+00 5.603883566349172245e-04 7.172329959834190527e-01
1.000000000000000000e+00 7.796819694076581215e-06 2.514707322463669362e-02
1.000000000000000000e+00 3.676127186675694279e-04 5.953766719615904979e-01
2.000000000000000000e+00 6.790265228248733471e-04 8.220703210897506441e-01
1.000000000000000000e+00 1.060647664236966277e-03 6.617413088073487160e-01
2.000000000000000000e+00 7.600345474144333709e-05 1.177493292603619124e-01
1.000000000000000000e+00 6.454862335034943920e-05 1.617541597668582520e-01
1.000000000000000000e+00 4.823296643319179640e-04 6.876617726562449517e-01
1.000000000000000000e+00 2.836733575350889030e-04 5.207708119378816614e-01
1.000000000000000000e+00 2.514857531249732690e-04 3.857163381254431478e-01
1.000000000000000000e+00 3.648053320722063225e-04 8.357515764777485590e-01
1.000000000000000000e+00 1.889403718647541218e-04 8.683205774836585400e-01
2.000000000000000000e+00 4.827979152271622649e-04 7.914763367114926451e-01
1.000000000000000000e+00 3.162115168976320902e-05 1.032359706690442053e-01
1.000000000000000000e+00 1.027068014432715724e-04 2.324985443987393763e-01
1.000000000000000000e+00 6.931675906474479018e-04 6.671061985517323656e-01
1.000000000000000000e+00 2.017661823359564251e-05 9.518058418651639263e-01
1.000000000000000000e+00 3.386832795139808590e-04 9.556570639049728477e-01
2.000000000000000000e+00 5.138982687006368665e-06 4.887024487433372366e-02
2.000000000000000000e+00 9.048237683974414802e-05 6.367234992825463458e-01
2.000000000000000000e+00 1.842868016707341065e-05 2.222567129878448844e-01
2.000000000000000000e+00 5.967697189860261401e-06 8.087130975973354230e-02
2.000000000000000000e+00 9.821985780069827251e-08 1.860857207905334653e-04
2.000000000000000000e+00 4.182113352300258246e-06 3.987735106447973937e-02
1.000000000000000000e+00 6.707331219558717965e-04 9.538358707664555958e-01
1.000000000000000000e+00 7.757448903212867250e-04 9.002563950034200291e-01
1.000000000000000000e+00 1.144989626710692793e-03 8.164711748825101978e-01
1.000000000000000000e+00 8.320760127423134506e-04 7.592114753688208317e-01
1.000000000000000000e+00 2.615775959332411287e-05 3.814821232887902203e-02
1.000000000000000000e+00 1.002719411576688969e-03 6.812961685713142534e-01
1.000000000000000000e+00 3.172392456054722964e-04 6.735413282102418187e-01
1.000000000000000000e+00 8.101393952310097886e-05 5.466124114901967923e-01
1.000000000000000000e+00 7.646950998648482120e-05 5.992492059598979459e-01
1.000000000000000000e+00 1.412947865751656979e-05 1.186594212517170371e-01
1.000000000000000000e+00 6.687203755024997075e-06 2.607979782277089140e-02
1.000000000000000000e+00 3.653390049220898148e-05 1.826504517721617704e-01
1.000000000000000000e+00 8.789958606941399109e-04 6.380391198979074030e-01
1.000000000000000000e+00 2.853976999040772999e-04 3.329106685078739858e-01
2.000000000000000000e+00 5.171661085377427022e-06 3.441936207475667642e-01
1.000000000000000000e+00 4.314203835418879734e-05 1.725787942033630562e-01
1.000000000000000000e+00 1.026767158113104034e-04 2.167672865455461673e-01
1.000000000000000000e+00 1.874652501909368377e-04 2.444845210122771062e-01
1.000000000000000000e+00 1.746934991562456771e-04 5.974961950301105329e-01
1.000000000000000000e+00 2.751026524907977167e-04 9.480660212676172982e-01
1.000000000000000000e+00 2.055932711246463154e-04 3.519652534619223117e-01
1.000000000000000000e+00 1.800908057870213074e-05 4.783131098101472273e-02
1.000000000000000000e+00 1.879519352682845236e-03 9.702342331407045606e-01
2.000000000000000000e+00 2.585302695922807434e-05 3.325530154703334462e-01
1.000000000000000000e+00 2.228515236880618532e-05 1.898652551049237469e-01
2.000000000000000000e+00 4.579974739489369197e-06 6.161921284866029441e-02
1.000000000000000000e+00 6.518485576223720076e-05 3.107676012005261557e-01
2.000000000000000000e+00 4.730485850515193374e-06 1.033758707737577054e-01
1.000000000000000000e+00 6.748987100456918682e-05 4.880886037778475739e-01
