1.000000000000000000e+00 2.174233677843828184e-04 4.473571020247726349e-01
1.000000000000000000e+00 4.090546347831896271e-08 7.233457497212740701e-05
1.000000000000000000e+00 5.868212818855605322e-04 6.889686048989703826e-01
1.000000000000000000e+00 7.868702036652057733e-06 2.515200256150962321e-02
1.000000000000000000e+00 3.587454302168092751e-04 5.435210614553065422e-01
2.000000000000000000e+00 6.849267190138790158e-04 8.509569542776732609e-01
1.000000000000000000e+00 1.111493904789592063e-03 6.265024153429818998e-01
2.000000000000000000e+00 7.558236559698884918e-05 1.175207329333908812e-01
1.000000000000000000e+00 5.909628815126680205e-05 1.431048836065587082e-01
1.000000000000000000e+00 5.347198625050513356e-04 6.189461457900338193e-01
1.000000000000000000e+00 2.929450351760476976e-04 4.928742188666546675e-01
1.000000000000000000e+00 2.443640712386366872e-04 3.644355840667893309e-01
1.000000000000000000e+00 4.519171858884815586e-04 9.498397928716377780e-01
1.000000000000000000e+00 2.161976962420599944e-04 8.494857026814232048e-01
2.000000000000000000e+00 5.569700283968074227e-04 7.387312270099368749e-01
1.000000000000000000e+00 3.023826021246378009e-05 8.904591739003814288e-02
1.000000000000000000e+00 9.525735871573537861e-05 2.064843928216081037e-01
1.000000000000000000e+00 6.290927592043512283e-04 6.316826953285450408e-01
1.000000000000000000e+00 2.422787419354084285e-05 9.639903572097173745e-01
1.000000000000000000e+00 4.046782601065882900e-04 9.442821085734469655e-01
2.000000000000000000e+00 4.955507355182278872e-06 5.465988241598032649e-02
2.000000000000000000e+00 8.932139242728946986e-05 6.534045165129541699e-01
2.000000000000000000e+00 1.849956782015457042e-05 2.049708609176185414e-01
2.000000000000000000e+00 5.929064979120491102e-06 7.634065883359271443e-02
2.000000000000000000e+00 1.053039044566931101e-07 2.025269062092386631e-04
2.000000000000000000e+00 4.083741951272408967e-06 4.274602430676443382e-02
1.000000000000000000e+00 7.267378527781450607e-04 9.465717285305075279e-01
1.000000000000000000e+00 7.765471392007666264e-04 9.052259733007177456e-01
1.000000000000000000e+00 1.227086252735245554e-03 8.240893915018845384e-01
1.000000000000000000e+00 8.144365493878376111e-04 7.893135321965527584e-01
1.000000000000000000e+00 2.378465885779878811e-05 3.404578795418471138e-02
1.000000000000000000e+00 1.015467161051393074e-03 6.944590143720290598e-01
1.000000000000000000e+00 3.027856209298331264e-04 6.858652978617215679e-01
1.000000000000000000e+00 7.442362105733544425e-05 4.550437995822362303e-01
1.000000000000000000e+00 7.111969986239925659e-05 5.100938742499022682e-01
1.000000000000000000e+00 9.578883720114046333e-06 8.158400344533300874e-02
1.000000000000000000e+00 5.719100951301949214e-06 2.194223980710635277e-02
1.000000000000000000e+00 2.939761503253207462e-05 1.271532290300761980e-01
1.000000000000000000e+00 8.890674965315548085e-04 6.289449966678090087e-01
1.000000000000000000e+00 2.452198652738671759e-04 2.965690636477835151e-01
2.000000000000000000e+00 4.652849832159720003e-06 3.018918799653598772e-01
1.000000000000000000e+00 3.375708807197378840e-05 1.234882195675938987e-01
1.000000000000000000e+00 9.869618749750613297e-05 1.991723452056491928e-01
1.000000000000000000e+00 1.909222544904174269e-04 2.369192569904627621e-01
1.000000000000000000e+00 2.386350123274998960e-04 7.706296641293527427e-01
1.000000000000000000e+00 3.273565604483207828e-04 9.150688777694949705e-01
1.000000000000000000e+00 1.754635162342163145e-04 2.773034807423946368e-01
1.000000000000000000e+00 1.478485842785380388e-05 3.866128688666579244e-02
1.000000000000000000e+00 1.898915486848463388e-03 9.590188621727127050e-01
2.000000000000000000e+00 2.665186644246190885e-05 3.374960119822187909e-01
1.000000000000000000e+00 2.440860771978128129e-05 2.380540938196210876e-01
2.000000000000000000e+00 4.217619569694154738e-06 5.601271646571399226e-02
1.000000000000000000e+00 5.512162235007214863e-05 2.593898492611338424e-01
2.000000000000000000e+00 4.572466630492857263e-06 1.060695614022520022e-01
1.000000000000000000e+00 6.406805153739544216e-05 4.435469632091709746e-01
