1.000000000000000000e+00 2.526406335144733501e-04 5.082326382683511889e-01
1.000000000000000000e+00 6.940872082907709261e-08 1.236993531864434526e-04
1.000000000000000000e+00 5.922327484852852979e-04 6.879597623286654029e-01
1.000000000000000000e+00 8.469541744960489401e-06 2.706568577003443804e-02
1.000000000000000000e+00 3.714669887021212428e-04 5.283594898068508794e-01
2.000000000000000000e+00 6.283172255861884910e-04 9.299060467984612277e-01
1.000000000000000000e+00 9.461650104087423411e-04 5.655239797937126056e-01
2.000000000000000000e+00 7.868703409991386548e-05 1.285476205280549900e-01
1.000000000000000000e+00 5.575405782037479879e-05 1.214068774998214445e-01
1.000000000000000000e+00 5.435894125113042248e-04 5.912451904225669574e-01
1.000000000000000000e+00 3.048102307266619825e-04 5.189913163642635441e-01
1.000000000000000000e+00 2.603751841404632669e-04 3.916827635479647185e-01
1.000000000000000000e+00 4.705223354381274348e-04 9.732182949544312400e-01
1.000000000000000000e+00 2.045282378562320697e-04 8.568614673412277005e-01
2.000000000000000000e+00 7.467357157187197491e-04 7.651637451240164145e-01
1.000000000000000000e+00 3.048447600127066829e-05 8.085427488385744932e-02
1.000000000000000000e+00 1.016394625302230730e-04 2.219293405399468400e-01
1.000000000000000000e+00 4.211262984936565697e-04 6.182163301359202556e-01
1.000000000000000000e+00 2.661133066017891825e-05 9.602663203579514528e-01
1.000000000000000000e+00 4.272409105281725628e-04 9.400959413388583208e-01
2.000000000000000000e+00 4.146894325344010266e-06 3.145419339275246084e-02
2.000000000000000000e+00 9.306278328175138779e-05 7.349900695629010272e-01
2.000000000000000000e+00 1.136501620413740774e-05 1.637258482104228252e-01
2.000000000000000000e+00 9.004005288554727188e-06 1.489967323382772324e-01
2.000000000000000000e+00 9.701873504837130701e-08 1.826946444973306764e-04
2.000000000000000000e+00 3.745374178014758591e-06 4.162306281120194129e-02
1.000000000000000000e+00 7.175424675680323015e-04 9.453340677965482719e-01
1.000000000000000000e+00 6.878743377538858346e-04 9.223836706686108222e-01
1.000000000000000000e+00 1.286897924828462898e-03 7.861058371396054678e-01
1.000000000000000000e+00 7.984460232505767759e-04 8.458865395547083832e-01
1.000000000000000000e+00 2.506756384442658533e-05 3.957734608056254905e-02
1.000000000000000000e+00 8.489625488961498670e-04 6.152187058817144560e-01
1.000000000000000000e+00 2.084014523702544682e-04 7.011079792442961311e-01
1.000000000000000000e+00 7.058256698002820368e-05 4.266347027429038263e-01
1.000000000000000000e+00 6.931098172347470183e-05 5.066211900163639648e-01
1.000000000000000000e+00 1.076917896628087813e-05 1.026231376187289185e-01
1.000000000000000000e+00 5.250376165309175066e-06 1.982870955726278445e-02
1.000000000000000000e+00 2.843017920796662615e-05 1.232107127237295763e-01
1.000000000000000000e+00 8.899269978380609618e-04 6.234732650803653797e-01
1.000000000000000000e+00 2.933287712870618681e-04 3.650132552078700354e-01
2.000000000000000000e+00 3.733370017959404666e-06 3.220328206692649742e-01
1.000000000000000000e+00 3.168562350639776991e-05 1.219726291469554608e-01
1.000000000000000000e+00 9.829329008941179054e-05 2.016056761185454071e-01
1.000000000000000000e+00 1.939005606511290619e-04 2.504861936411764689e-01
1.000000000000000000e+00 2.747652723588862064e-04 8.842155565729731270e-01
1.000000000000000000e+00 3.057531075160835722e-04 9.079541036814059440e-01
1.000000000000000000e+00 1.423338732846768254e-04 2.186465672126992610e-01
1.000000000000000000e+00 1.352145757742925491e-05 3.528203318947825684e-02
1.000000000000000000e+00 1.871334065106444863e-03 9.514485353729713601e-01
2.000000000000000000e+00 2.230586445461741352e-05 3.207108055533912094e-01
1.000000000000000000e+00 2.850523693272375491e-05 3.094496207064994509e-01
2.000000000000000000e+00 5.297266237723471495e-06 8.154160316828545918e-02
1.000000000000000000e+00 6.135584339277620183e-05 2.869405011192692201e-01
2.000000000000000000e+00 7.838397692514223415e-06 3.162760222007375832e-01
1.000000000000000000e+00 6.765094093331504614e-05 4.767056196679653746e-01
