1.000000000000000000e+00 2.298070849829175440e-04 4.718266098696090038e-01
1.000000000000000000e+00 3.715281306981578261e-08 6.417233079031145124e-05
1.000000000000000000e+00 5.486296623549376293e-04 7.420945190482745035e-01
1.000000000000000000e+00 7.820951608350395468e-06 2.578641634994603693e-02
1.000000000000000000e+00 4.174946322169735134e-04 6.135931474959206433e-01
2.000000000000000000e+00 6.182923054783337046e-04 8.974173120385775526e-01
1.000000000000000000e+00 8.044214610391400670e-04 5.582635520888277192e-01
2.000000000000000000e+00 8.041585307063646448e-05 1.339667946621517780e-01
1.000000000000000000e+00 6.950611829411915111e-05 1.651185232599323982e-01
1.000000000000000000e+00 4.856333058730150846e-04 6.826087982460501413e-01
1.000000000000000000e+00 2.708205381099120564e-04 5.803694294285871580e-01
1.000000000000000000e+00 2.852763048299935471e-04 4.654471848405460910e-01
1.000000000000000000e+00 3.242250665916538831e-04 8.257985815684008024e-01
1.000000000000000000e+00 1.374716390763057222e-04 9.003477606832847036e-01
2.000000000000000000e+00 7.735269883886648247e-04 7.885783088002357166e-01
1.000000000000000000e+00 3.359204333907821606e-05 1.034672041896402550e-01
1.000000000000000000e+00 1.360757607950398556e-04 3.081006452566393272e-01
1.000000000000000000e+00 4.393046542571716132e-04 6.464103305803129418e-01
1.000000000000000000e+00 2.022903265772392939e-05 9.756033953269590553e-01
1.000000000000000000e+00 3.209301573579747191e-04 9.609264796216078208e-01
2.000000000000000000e+00 3.389648851029936245e-06 3.088344798429996582e-02
2.000000000000000000e+00 9.158369837677196080e-05 7.630578098045892599e-01
2.000000000000000000e+00 9.456920570358922493e-06 1.210366100250721832e-01
2.000000000000000000e+00 1.099466897759353247e-05 1.726490608822970896e-01
2.000000000000000000e+00 9.011411818112963134e-08 1.705897063274694567e-04
2.000000000000000000e+00 3.701199303345520768e-06 3.168880523861268561e-02
1.000000000000000000e+00 5.797127312588796436e-04 9.604920709564171988e-01
1.000000000000000000e+00 5.633803293916666557e-04 9.304220497963144876e-01
1.000000000000000000e+00 9.903245977125353910e-04 7.158549691670151871e-01
1.000000000000000000e+00 6.972703776057827393e-04 8.241858279561692369e-01
1.000000000000000000e+00 3.152320526314720769e-05 5.315411485910518513e-02
1.000000000000000000e+00 8.920560338099097451e-04 6.011310700876785207e-01
1.000000000000000000e+00 1.831562861140429051e-04 6.885775860255421987e-01
1.000000000000000000e+00 7.970800724527731158e-05 5.961231783548579521e-01
1.000000000000000000e+00 7.634001984315881800e-05 6.702021486164352337e-01
1.000000000000000000e+00 1.800168158612011675e-05 1.533219863311050535e-01
1.000000000000000000e+00 6.404573324369357038e-06 2.333867102717009090e-02
1.000000000000000000e+00 3.730682811344727978e-05 2.069997067696749959e-01
1.000000000000000000e+00 8.842519080462885126e-04 5.929299349054084622e-01
1.000000000000000000e+00 3.023944568993313492e-04 4.084319019929862904e-01
2.000000000000000000e+00 3.673042008116460835e-06 3.132154849924004836e-01
1.000000000000000000e+00 4.598449261823989333e-05 2.050586533960621627e-01
1.000000000000000000e+00 1.078794521100768491e-04 2.516643393530992867e-01
1.000000000000000000e+00 1.848433857700813984e-04 2.746772820302703089e-01
1.000000000000000000e+00 1.870487313119057967e-04 6.962501272655496898e-01
1.000000000000000000e+00 2.081520375611375451e-04 9.296880261176956317e-01
1.000000000000000000e+00 1.689026406723512339e-04 2.773006416657121109e-01
1.000000000000000000e+00 1.998910620367738106e-05 5.616247082960895004e-02
1.000000000000000000e+00 1.739503665623593452e-03 9.718766857989167285e-01
2.000000000000000000e+00 1.536925097777998934e-05 2.185525099882160427e-01
1.000000000000000000e+00 2.679594826487576104e-05 2.610555567757975037e-01
2.000000000000000000e+00 6.822313765697382291e-06 1.165970606297802026e-01
1.000000000000000000e+00 7.200831491297252215e-05 3.305022398225322955e-01
2.000000000000000000e+00 7.766407172758569731e-06 3.240346861064214989e-01
1.000000000000000000e+00 7.511350824025830723e-05 5.678386005823831129e-01
