1.000000000000000000e+00 1.857049407333929275e-04 6.078626254276300322e-01
1.000000000000000000e+00 2.539350468488948963e-08 5.086805401458179677e-05
1.000000000000000000e+00 6.043775835429290562e-04 5.448387004352167606e-01
1.000000000000000000e+00 1.252212177397707286e-05 4.102452241517541565e-02
1.000000000000000000e+00 4.338389312067259624e-04 3.864850775436250441e-01
2.000000000000000000e+00 7.037373260690526870e-04 8.651246308216683500e-01
1.000000000000000000e+00 9.932256440416771179e-04 5.859773168773647622e-01
2.000000000000000000e+00 2.311899968564362087e-04 4.724818745236344930e-01
1.000000000000000000e+00 5.514049131813781657e-05 1.280399813381196128e-01
1.000000000000000000e+00 9.380377737663850757e-05 1.307456227143939387e-01
1.000000000000000000e+00 4.037126151556028075e-04 8.530160485729594289e-01
1.000000000000000000e+00 3.384357055914563508e-04 5.948702737536540885e-01
1.000000000000000000e+00 4.092459749332768258e-04 9.752244685452501338e-01
1.000000000000000000e+00 1.147228554243251013e-04 8.807172910822499423e-01
2.000000000000000000e+00 7.431056352183732167e-04 7.143927628958199882e-01
1.000000000000000000e+00 3.965632301890857875e-05 9.479366446450122885e-02
1.000000000000000000e+00 1.236429531160683623e-04 3.209651290372454446e-01
1.000000000000000000e+00 4.320155994203395936e-04 6.446548737057179457e-01
1.000000000000000000e+00 2.893097163733935527e-05 7.859186842491499014e-01
1.000000000000000000e+00 1.494782183533823123e-04 9.839623564057197180e-01
2.000000000000000000e+00 3.956533047103889717e-06 3.431458804320158817e-02
2.000000000000000000e+00 7.576367642805830025e-05 7.537961561218882167e-01
2.000000000000000000e+00 2.977089692810835472e-05 3.350124423710223454e-01
2.000000000000000000e+00 1.356344331041403162e-05 2.827567226660067101e-01
2.000000000000000000e+00 2.511934011835035003e-06 6.684058753726356168e-03
2.000000000000000000e+00 8.684633864599311233e-06 1.954496905983725552e-01
1.000000000000000000e+00 4.628495566002411438e-04 9.669315090024631631e-01
1.000000000000000000e+00 2.850081792550603456e-04 8.856225566217190703e-01
1.000000000000000000e+00 1.132932451691128850e-03 9.465564786765539029e-01
1.000000000000000000e+00 5.054310857947162542e-04 7.991910052117616736e-01
1.000000000000000000e+00 2.181501715000450038e-05 3.179084308971927286e-02
1.000000000000000000e+00 9.249845740471173555e-04 6.409613714041605403e-01
1.000000000000000000e+00 3.206167239411110729e-04 9.272154827989541603e-01
1.000000000000000000e+00 7.585493026574770335e-05 6.258050508520184296e-01
1.000000000000000000e+00 4.372530245962283026e-05 3.037402047204967315e-01
1.000000000000000000e+00 2.196944339663009634e-06 1.633845584557540309e-02
1.000000000000000000e+00 9.469721293602486272e-06 4.758052234450208667e-02
1.000000000000000000e+00 8.258055514949311964e-05 3.128316677897404197e-01
1.000000000000000000e+00 7.953547683521700442e-04 6.196038583227988505e-01
1.000000000000000000e+00 1.927687813026812789e-04 1.747752784980834972e-01
2.000000000000000000e+00 1.280626283079971573e-06 6.857261210352724734e-02
1.000000000000000000e+00 2.715012346128518390e-05 7.977442820534313972e-02
1.000000000000000000e+00 1.341503122480817284e-04 5.473882414354714898e-01
1.000000000000000000e+00 2.122802926730460839e-04 3.865040274271607790e-01
1.000000000000000000e+00 4.375759138859273262e-04 8.192022444646800405e-01
1.000000000000000000e+00 1.674835255925085438e-04 9.455526661099086239e-01
1.000000000000000000e+00 1.771493676900842522e-04 3.546175772593991304e-01
1.000000000000000000e+00 5.567829163073861919e-05 1.528690567789147137e-01
1.000000000000000000e+00 1.716610269028481274e-03 9.394144011422803642e-01
2.000000000000000000e+00 3.112643108042804717e-05 4.793053405800491995e-01
1.000000000000000000e+00 1.655889577800849797e-05 1.394888797822872173e-01
2.000000000000000000e+00 1.054146782432295753e-05 2.018123124857081618e-01
1.000000000000000000e+00 3.442667214071506646e-05 1.593296006833579970e-01
2.000000000000000000e+00 1.424564496364247383e-05 6.821985308817185567e-01
1.000000000000000000e+00 4.767052029233209524e-05 2.728460011019955278e-01
