1.000000000000000000e+00 2.055521723135706792e-04 4.197362156491520890e-01
1.000000000000000000e+00 7.825525428252314433e-08 1.025575158551934689e-04
1.000000000000000000e+00 5.564306977159290965e-04 7.361444915422296065e-01
1.000000000000000000e+00 7.189988921038343197e-06 2.274884854334821224e-02
1.000000000000000000e+00 3.782630301836346107e-04 5.896493190040944521e-01
2.000000000000000000e+00 6.461303003242351755e-04 7.959358393209255977e-01
1.000000000000000000e+00 1.047262330285620444e-03 6.724211605336993802e-01
2.000000000000000000e+00 7.481894529402823555e-05 1.189636949922943665e-01
1.000000000000000000e+00 5.339829550708462865e-05 1.255625804623163311e-01
1.000000000000000000e+00 4.994095189860862320e-04 6.911497148726830630e-01
1.000000000000000000e+00 2.837916533990329391e-04 5.182641474859047692e-01
1.000000000000000000e+00 2.458044185782756849e-04 3.701006753730773369e-01
1.000000000000000000e+00 3.967765120541701129e-04 8.706011120636657497e-01
1.000000000000000000e+00 1.933120094140058519e-04 8.605485412375560861e-01
2.000000000000000000e+00 5.189866349235089859e-04 7.766502583766813350e-01
1.000000000000000000e+00 3.049293907696977964e-05 1.017568091917828432e-01
1.000000000000000000e+00 1.065862697045306533e-04 2.397739455414848730e-01
1.000000000000000000e+00 6.651482423138751912e-04 7.147941565471525038e-01
1.000000000000000000e+00 1.913422601258119889e-05 9.004273959578996678e-01
1.000000000000000000e+00 3.315405868790719380e-04 9.575949784232382633e-01
2.000000000000000000e+00 5.027220309850351407e-06 4.961430106661776640e-02
2.000000000000000000e+00 8.795181141974988466e-05 6.018596428325683201e-01
2.000000000000000000e+00 1.904305382676226173e-05 2.114340358197699388e-01
2.000000000000000000e+00 6.707709564931196393e-06 8.396992638198991221e-02
2.000000000000000000e+00 9.975389072853288484e-08 1.884800489931615899e-04
2.000000000000000000e+00 4.695719129396430934e-06 5.635760308695313137e-02
1.000000000000000000e+00 6.718115197224190953e-04 9.548201640726455830e-01
1.000000000000000000e+00 7.952659001281673929e-04 8.975987601794197523e-01
1.000000000000000000e+00 1.142050459319972171e-03 7.951152193272972291e-01
1.000000000000000000e+00 8.056596386320699892e-04 7.245902465241038648e-01
1.000000000000000000e+00 2.678272272394019871e-05 3.974319334084524397e-02
1.000000000000000000e+00 8.790452749090208514e-04 6.836187783521494588e-01
1.000000000000000000e+00 2.938006882660744901e-04 6.304177181532111263e-01
1.000000000000000000e+00 8.293786217405173873e-05 5.523902073638993215e-01
1.000000000000000000e+00 7.964382726665522670e-05 5.953302253372201314e-01
1.000000000000000000e+00 1.346446339315742371e-05 1.261915613291851868e-01
1.000000000000000000e+00 6.881744748073467208e-06 2.669873552113166681e-02
1.000000000000000000e+00 3.745348261649284637e-05 1.897543337987783463e-01
1.000000000000000000e+00 8.661066347465030306e-04 5.923247566803161446e-01
1.000000000000000000e+00 3.068663783692802830e-04 3.548632636458545209e-01
2.000000000000000000e+00 4.365749153086960934e-06 2.992473159798503257e-01
1.000000000000000000e+00 3.739297738660582340e-05 1.453985886694771912e-01
1.000000000000000000e+00 1.001344646255544074e-04 2.070601592998400631e-01
1.000000000000000000e+00 1.846597732009994781e-04 2.299775253128362174e-01
1.000000000000000000e+00 1.723492823098952140e-04 5.888278311492382011e-01
1.000000000000000000e+00 2.763844614373427242e-04 9.371861629922262349e-01
1.000000000000000000e+00 1.920025022806595922e-04 3.068363564702016322e-01
1.000000000000000000e+00 1.864954411076289890e-05 4.858056570154099807e-02
1.000000000000000000e+00 1.908236679681392552e-03 9.704800588603786915e-01
2.000000000000000000e+00 3.287115697495013935e-05 4.166035619666016987e-01
1.000000000000000000e+00 2.326048897569631935e-05 1.913581079458288592e-01
2.000000000000000000e+00 3.656980276454621127e-06 5.039896997097111087e-02
1.000000000000000000e+00 5.882566922761895258e-05 2.866457456548263116e-01
2.000000000000000000e+00 5.644244776527984332e-06 1.273561363239415767e-01
1.000000000000000000e+00 6.862125078156149798e-05 5.038758103882214900e-01
