1.000000000000000000e+00 2.264262458455862696e-04 4.635975594871378225e-01
1.000000000000000000e+00 3.083542502448245269e-08 5.953627486974563096e-05
1.000000000000000000e+00 5.936749140888060395e-04 6.893723663232498300e-01
1.000000000000000000e+00 7.795811076488170409e-06 2.494868076078117503e-02
1.000000000000000000e+00 3.739390495779050939e-04 5.433544829028637002e-01
2.000000000000000000e+00 6.595170839916599621e-04 9.052261250405346793e-01
1.000000000000000000e+00 1.121714621658085470e-03 6.209465659774058288e-01
2.000000000000000000e+00 7.887561025317243709e-05 1.243641280831265239e-01
1.000000000000000000e+00 6.509353799484094598e-05 1.689056921038661896e-01
1.000000000000000000e+00 5.441947110584488979e-04 6.021560127487148861e-01
1.000000000000000000e+00 2.911200184640781578e-04 4.986271415406266505e-01
1.000000000000000000e+00 2.562085295127053950e-04 3.881434598777660505e-01
1.000000000000000000e+00 4.676163385022607437e-04 9.638670875054141662e-01
1.000000000000000000e+00 2.062186042265569277e-04 8.572733462655205416e-01
2.000000000000000000e+00 5.375399057276154845e-04 7.448767428406548596e-01
1.000000000000000000e+00 3.041075649167421970e-05 8.751968266890225445e-02
1.000000000000000000e+00 9.795706619844391362e-05 2.107007627863474730e-01
1.000000000000000000e+00 5.744707145206620321e-04 5.939145144988651204e-01
1.000000000000000000e+00 2.545362025814019679e-05 9.632195619770578254e-01
1.000000000000000000e+00 4.165649402036607674e-04 9.424516392150105171e-01
2.000000000000000000e+00 4.653059515215096570e-06 4.033688111908226293e-02
2.000000000000000000e+00 9.285865448106176432e-05 6.984466720782680493e-01
2.000000000000000000e+00 1.266106059941189995e-05 1.931085103410081771e-01
2.000000000000000000e+00 8.240081700164538054e-06 1.291763286566996183e-01
2.000000000000000000e+00 1.078750220850472085e-07 2.061947448439819955e-04
2.000000000000000000e+00 3.988172284202545096e-06 4.146267157915477924e-02
1.000000000000000000e+00 7.271256351694048263e-04 9.460453261608058328e-01
1.000000000000000000e+00 7.469528296861504581e-04 9.110961524240929199e-01
1.000000000000000000e+00 1.217387789396088757e-03 8.230447199113596346e-01
1.000000000000000000e+00 8.014517761242826886e-04 8.279096580268565653e-01
1.000000000000000000e+00 2.432377417903982874e-05 3.614352427473530027e-02
1.000000000000000000e+00 9.485081813695801951e-04 6.188244416232370204e-01
1.000000000000000000e+00 2.638027498041332713e-04 6.884201907674245557e-01
1.000000000000000000e+00 7.225260375317191339e-05 4.437989906367158510e-01
1.000000000000000000e+00 7.037664067044668544e-05 5.137027319195819342e-01
1.000000000000000000e+00 1.133128681540273067e-05 9.973421504742022159e-02
1.000000000000000000e+00 5.420790589263679983e-06 2.038987739360490284e-02
1.000000000000000000e+00 2.933761055359308291e-05 1.255851975196551618e-01
1.000000000000000000e+00 8.865889098445128846e-04 6.286440719593124893e-01
1.000000000000000000e+00 2.347661351339865694e-04 2.951012314836319317e-01
2.000000000000000000e+00 4.170887784976544182e-06 2.990803302749767689e-01
1.000000000000000000e+00 3.416370385457368966e-05 1.313911760936486428e-01
1.000000000000000000e+00 9.920059509005656315e-05 2.049321901449886740e-01
1.000000000000000000e+00 1.907667973955598831e-04 2.459962353352067588e-01
1.000000000000000000e+00 2.538861422212284886e-04 8.588781022897604700e-01
1.000000000000000000e+00 3.112085286653091133e-04 9.031534979214167480e-01
1.000000000000000000e+00 1.623122847784884025e-04 2.539928501031052388e-01
1.000000000000000000e+00 1.445716671416745545e-05 3.828992841991185614e-02
1.000000000000000000e+00 1.860925880152844740e-03 9.545451213236092469e-01
2.000000000000000000e+00 2.153974823363504913e-05 2.939965357035413951e-01
1.000000000000000000e+00 2.598598567121862524e-05 2.727791456392505420e-01
2.000000000000000000e+00 6.064785778121260195e-06 9.490898350662654859e-02
1.000000000000000000e+00 5.106873079755741047e-05 2.525260202465498538e-01
2.000000000000000000e+00 4.890691895295538649e-06 1.251715422313160742e-01
1.000000000000000000e+00 6.194244478624650067e-05 4.468571985651574319e-01
