1.000000000000000000e+00 1.953911679523639576e-04 6.158641369494527451e-01
1.000000000000000000e+00 3.172834326831510790e-08 6.330172317307859958e-05
1.000000000000000000e+00 5.978176072199499393e-04 5.598832122842685166e-01
1.000000000000000000e+00 1.247549322950865105e-05 4.095158709968479277e-02
1.000000000000000000e+00 4.321065877544982554e-04 3.930588090015769698e-01
2.000000000000000000e+00 6.923679182268918132e-04 8.791880761708965597e-01
1.000000000000000000e+00 9.858298575639713561e-04 5.873831708398641327e-01
2.000000000000000000e+00 2.220849532011033047e-04 4.586584132073752706e-01
1.000000000000000000e+00 5.444626412144650213e-05 1.265079869481815500e-01
1.000000000000000000e+00 1.095767760182100008e-04 1.580015658151609492e-01
1.000000000000000000e+00 3.979855702007303875e-04 8.337667202312888381e-01
1.000000000000000000e+00 3.373312579823578745e-04 5.884539379382673907e-01
1.000000000000000000e+00 3.998982573605815616e-04 9.810260108362633957e-01
1.000000000000000000e+00 1.149286546384388838e-04 8.831537031296150531e-01
2.000000000000000000e+00 7.442648474086258157e-04 7.175329209075423931e-01
1.000000000000000000e+00 3.864038577835143237e-05 9.421595915626658491e-02
1.000000000000000000e+00 1.246988869576439048e-04 3.241287225004125805e-01
1.000000000000000000e+00 4.262865567380288382e-04 6.397161140221758746e-01
1.000000000000000000e+00 2.787305455767832030e-05 8.133135535326383447e-01
1.000000000000000000e+00 1.704220810487747496e-04 9.814596415778267247e-01
2.000000000000000000e+00 3.952882230928103324e-06 3.424208421351015996e-02
2.000000000000000000e+00 7.632574767484434446e-05 7.559981893986627011e-01
2.000000000000000000e+00 2.945620816652321427e-05 3.361300685803360055e-01
2.000000000000000000e+00 1.360202187562986408e-05 2.821155829936727311e-01
2.000000000000000000e+00 2.448454241276662841e-06 6.485995733556980392e-03
2.000000000000000000e+00 8.487812709004842183e-06 1.931058470918975978e-01
1.000000000000000000e+00 4.703921385659455882e-04 9.677577697629780040e-01
1.000000000000000000e+00 2.940797872833008763e-04 9.044349236180138085e-01
1.000000000000000000e+00 1.151820378083208418e-03 9.452116454316694671e-01
1.000000000000000000e+00 5.175545040678650698e-04 8.089306928772949101e-01
1.000000000000000000e+00 2.314895923551918400e-05 3.421535936704810793e-02
1.000000000000000000e+00 9.326270983029869531e-04 6.485577780508324786e-01
1.000000000000000000e+00 3.155597111507411380e-04 9.286291200247985822e-01
1.000000000000000000e+00 7.586839508378904790e-05 6.376440261493171446e-01
1.000000000000000000e+00 4.651326072040530069e-05 3.397285168945198275e-01
1.000000000000000000e+00 2.487502271524131904e-06 1.879578629805871842e-02
1.000000000000000000e+00 8.868052593724735087e-06 4.200489262857684536e-02
1.000000000000000000e+00 8.164721713222462102e-05 3.122828485953381139e-01
1.000000000000000000e+00 8.076274431260962528e-04 6.237464654626263538e-01
1.000000000000000000e+00 1.942955855920735662e-04 1.775193111484106023e-01
2.000000000000000000e+00 1.406362778310441248e-06 8.211414399968040845e-02
1.000000000000000000e+00 2.792127790449861708e-05 8.343189892212338199e-02
1.000000000000000000e+00 1.307917351949923978e-04 5.121886358373662906e-01
1.000000000000000000e+00 2.114953174170224016e-04 3.845542969269315492e-01
1.000000000000000000e+00 3.822579107692487517e-04 8.484384022775303125e-01
1.000000000000000000e+00 1.676774581024018248e-04 9.555725772866016099e-01
1.000000000000000000e+00 1.756034379935115825e-04 3.506714834299329286e-01
1.000000000000000000e+00 5.174901581294361476e-05 1.402346304150844936e-01
1.000000000000000000e+00 1.717183005816671744e-03 9.404312841285441538e-01
2.000000000000000000e+00 3.067833933744293102e-05 4.737400944086084253e-01
1.000000000000000000e+00 1.768944054177818694e-05 1.539326398323350165e-01
2.000000000000000000e+00 1.053359746345238340e-05 2.028718484714413794e-01
1.000000000000000000e+00 3.622428564169073132e-05 1.683795726979560592e-01
2.000000000000000000e+00 1.442197188733824009e-05 6.973489898288316446e-01
1.000000000000000000e+00 4.867229867984142964e-05 2.905036753583389308e-01
