1.000000000000000000e+00 2.300949448064587869e-04 4.689413822590288161e-01
1.000000000000000000e+00 3.704408755522082785e-08 7.026998182085500552e-05
1.000000000000000000e+00 6.052201481836469487e-04 6.758877261005351578e-01
1.000000000000000000e+00 8.082420430849627938e-06 2.538184281938702519e-02
1.000000000000000000e+00 3.687057188911016916e-04 5.152532237740481413e-01
2.000000000000000000e+00 6.603928376196568917e-04 9.183594013561956482e-01
1.000000000000000000e+00 1.056314924753829106e-03 5.909009971744728640e-01
2.000000000000000000e+00 7.798307760591422345e-05 1.243943360319912372e-01
1.000000000000000000e+00 5.995249436053067264e-05 1.402055668869782168e-01
1.000000000000000000e+00 5.650881860246071168e-04 5.740352838486244558e-01
1.000000000000000000e+00 2.955740710087014140e-04 4.881483287517989211e-01
1.000000000000000000e+00 2.507437460045114147e-04 3.732806968904632261e-01
1.000000000000000000e+00 5.187468180756295332e-04 9.746471128479607948e-01
1.000000000000000000e+00 2.184821741945325638e-04 8.472684854011672817e-01
2.000000000000000000e+00 6.662981974218892302e-04 7.385397421980270938e-01
1.000000000000000000e+00 2.970426351518986184e-05 7.762737429079342999e-02
1.000000000000000000e+00 9.687769570179036681e-05 2.057555670904435974e-01
1.000000000000000000e+00 4.925760729884653098e-04 6.039260199901912429e-01
1.000000000000000000e+00 2.776966779282339683e-05 9.584282311013916367e-01
1.000000000000000000e+00 4.449718587281635616e-04 9.368686945139912403e-01
2.000000000000000000e+00 4.622085999075303668e-06 4.265530294926528354e-02
2.000000000000000000e+00 9.058771009253902787e-05 7.089270830737273155e-01
2.000000000000000000e+00 1.264866992028723465e-05 1.895928101805414989e-01
2.000000000000000000e+00 8.282039124269722935e-06 1.247762087095812267e-01
2.000000000000000000e+00 1.065108676336753275e-07 2.045634360731994682e-04
2.000000000000000000e+00 3.784265570759961522e-06 4.387970498415304232e-02
1.000000000000000000e+00 7.472576031966680476e-04 9.420905488084029278e-01
1.000000000000000000e+00 7.337235232239355679e-04 9.171508676163221407e-01
1.000000000000000000e+00 1.253868320899883052e-03 8.117657330797188875e-01
1.000000000000000000e+00 7.761097425830963377e-04 8.339096312870381000e-01
1.000000000000000000e+00 2.316268434815120273e-05 3.522638307620692272e-02
1.000000000000000000e+00 9.163811859304346434e-04 6.242809863332376974e-01
1.000000000000000000e+00 2.316814940761894323e-04 7.041690078200717462e-01
1.000000000000000000e+00 6.904253413054375703e-05 4.053830654858597837e-01
1.000000000000000000e+00 6.745155395397198293e-05 4.772076527525944134e-01
1.000000000000000000e+00 9.315434719488635567e-06 8.591008728680067652e-02
1.000000000000000000e+00 5.018083142022351838e-06 1.909625182540665780e-02
1.000000000000000000e+00 2.662564866634529786e-05 1.095062458252232251e-01
1.000000000000000000e+00 8.973591010169370283e-04 6.233892431888085062e-01
1.000000000000000000e+00 2.336984148806353103e-04 2.957468160374186472e-01
2.000000000000000000e+00 3.938281444890925429e-06 2.898420682562450335e-01
1.000000000000000000e+00 2.966764413464348726e-05 1.090104309965780616e-01
1.000000000000000000e+00 9.786129850450293920e-05 1.965381166261689072e-01
1.000000000000000000e+00 1.930849030587468375e-04 2.409885778530808098e-01
1.000000000000000000e+00 2.860799694268522796e-04 8.754721596398270522e-01
1.000000000000000000e+00 3.384268519407593280e-04 8.947720168264974294e-01
1.000000000000000000e+00 1.480411665467379768e-04 2.257502580095343547e-01
1.000000000000000000e+00 1.316442618936833369e-05 3.447368328359510375e-02
1.000000000000000000e+00 1.890838644759563168e-03 9.495830742963468074e-01
2.000000000000000000e+00 2.209908946396231020e-05 3.135923493864722911e-01
1.000000000000000000e+00 2.715027446637567884e-05 2.816636029616573778e-01
2.000000000000000000e+00 5.068431435706075906e-06 7.556199990040703141e-02
1.000000000000000000e+00 5.636641816866992032e-05 2.621943300787352715e-01
2.000000000000000000e+00 5.869013686527746353e-06 1.890231009238637627e-01
1.000000000000000000e+00 6.474976379830563557e-05 4.444999782222124884e-01
