1.000000000000000000e+00 2.263095261823877861e-04 4.634116255916837512e-01
1.000000000000000000e+00 3.258344325903621483e-08 6.212175411817741973e-05
1.000000000000000000e+00 5.856810510828859735e-04 6.979548749948116804e-01
1.000000000000000000e+00 7.722417182190619500e-06 2.498102389379849506e-02
1.000000000000000000e+00 3.829163886176264325e-04 5.610273306988843300e-01
2.000000000000000000e+00 6.501055744960011155e-04 9.028996766811204777e-01
1.000000000000000000e+00 1.104556685016692486e-03 6.256115078597765944e-01
2.000000000000000000e+00 7.911891635118428767e-05 1.257256179352934933e-01
1.000000000000000000e+00 6.668174170711031539e-05 1.738627128210873396e-01
1.000000000000000000e+00 5.343109986208753083e-04 6.167178643759630985e-01
1.000000000000000000e+00 2.889222826091213765e-04 5.095523142551552365e-01
1.000000000000000000e+00 2.602266465486412976e-04 3.995961667751881108e-01
1.000000000000000000e+00 4.388339512844425128e-04 9.536001024504172641e-01
1.000000000000000000e+00 1.953609906083466534e-04 8.647449242564478888e-01
2.000000000000000000e+00 5.355262590912759219e-04 7.595631146357100238e-01
1.000000000000000000e+00 3.082722057952429266e-05 9.277109615491821448e-02
1.000000000000000000e+00 1.029302694138761694e-04 2.235160674727832697e-01
1.000000000000000000e+00 5.564300650672733030e-04 6.030638929285184746e-01
1.000000000000000000e+00 2.438367136750245148e-05 9.655991130340171313e-01
1.000000000000000000e+00 4.012220798739382622e-04 9.455426147568056772e-01
2.000000000000000000e+00 4.479699870334882334e-06 3.552266588130405245e-02
2.000000000000000000e+00 9.331696778309143047e-05 7.069178117115254567e-01
2.000000000000000000e+00 1.168161220392479439e-05 1.789876806273920651e-01
2.000000000000000000e+00 8.738711176158568553e-06 1.372576620135044223e-01
2.000000000000000000e+00 1.059931037310049494e-07 2.010984794255122341e-04
2.000000000000000000e+00 3.968270428272538424e-06 3.919839411182560185e-02
1.000000000000000000e+00 7.067275000126558302e-04 9.482994014728026722e-01
1.000000000000000000e+00 7.310558888240212055e-04 9.112039403907683521e-01
1.000000000000000000e+00 1.179385062347364059e-03 8.095916957724785812e-01
1.000000000000000000e+00 7.849220018357127519e-04 8.277752540275608029e-01
1.000000000000000000e+00 2.549382055406831447e-05 3.946067492596278675e-02
1.000000000000000000e+00 9.351014482583262137e-04 6.146731221065022677e-01
1.000000000000000000e+00 2.474324571996111902e-04 6.843045859252270269e-01
1.000000000000000000e+00 7.387908366139698526e-05 4.659776903488347388e-01
1.000000000000000000e+00 7.163092775170194987e-05 5.389822959595945706e-01
1.000000000000000000e+00 1.271592714168511219e-05 1.117321432915210078e-01
1.000000000000000000e+00 5.612623898055215040e-06 2.096865811432600465e-02
1.000000000000000000e+00 3.067838323227603894e-05 1.370376812550822831e-01
1.000000000000000000e+00 8.850233369821804141e-04 6.192614767548915156e-01
1.000000000000000000e+00 2.442114102183491273e-04 3.061901576835086014e-01
2.000000000000000000e+00 4.112188161053162254e-06 3.078511441295957440e-01
1.000000000000000000e+00 3.635317908233097776e-05 1.438008124259724796e-01
1.000000000000000000e+00 1.001695346356722366e-04 2.102317041066662784e-01
1.000000000000000000e+00 1.895852249088343492e-04 2.495633201743615859e-01
1.000000000000000000e+00 2.404117814483627510e-04 8.092593021202456605e-01
1.000000000000000000e+00 2.904585086551895318e-04 9.089542385827744653e-01
1.000000000000000000e+00 1.684908162437869243e-04 2.706880724782474990e-01
1.000000000000000000e+00 1.518814922193819745e-05 4.060778669919977435e-02
1.000000000000000000e+00 1.838245716469636727e-03 9.596731331795438358e-01
2.000000000000000000e+00 2.010563756677367263e-05 2.901417559514809508e-01
1.000000000000000000e+00 2.618247698481134997e-05 2.738677208762908544e-01
2.000000000000000000e+00 6.288590469577007598e-06 1.024728563654149771e-01
1.000000000000000000e+00 5.593418243445783672e-05 2.706578271918477774e-01
2.000000000000000000e+00 5.542633669204478137e-06 1.645830371521752600e-01
1.000000000000000000e+00 6.354057196943164770e-05 4.659946371876976245e-01
