1.000000000000000000e+00 2.161751238605747469e-04 4.459227035992702759e-01
1.000000000000000000e+00 4.076102100012915954e-08 7.224238624587198706e-05
1.000000000000000000e+00 5.798825063561621751e-04 6.964380221779634672e-01
1.000000000000000000e+00 7.836073024135072751e-06 2.517138171172425901e-02
1.000000000000000000e+00 3.612124743890582790e-04 5.575616673946867108e-01
2.000000000000000000e+00 6.815852008143801670e-04 8.422752992834549035e-01
1.000000000000000000e+00 1.099806112112095263e-03 6.336801996325972519e-01
2.000000000000000000e+00 7.564144226584470446e-05 1.174282764212044861e-01
1.000000000000000000e+00 6.052385880380715862e-05 1.479383979915661340e-01
1.000000000000000000e+00 5.224960155228447348e-04 6.351289124186837443e-01
1.000000000000000000e+00 2.913344615863711485e-04 4.995734814235200383e-01
1.000000000000000000e+00 2.461849944743997338e-04 3.698715097933515938e-01
1.000000000000000000e+00 4.273902959635397401e-04 9.307230409882851774e-01
1.000000000000000000e+00 2.097008947951592471e-04 8.540064844958050738e-01
2.000000000000000000e+00 5.413403098554514818e-04 7.504333438185942784e-01
1.000000000000000000e+00 3.055548365113369062e-05 9.401050673122096635e-02
1.000000000000000000e+00 9.689300035857472402e-05 2.123084191655882913e-01
1.000000000000000000e+00 6.455402699529895439e-04 6.413934540182880673e-01
1.000000000000000000e+00 2.312537033562913984e-05 9.658095143047152886e-01
1.000000000000000000e+00 3.889886966855708294e-04 9.472308156308909544e-01
2.000000000000000000e+00 4.988309950593969197e-06 5.292896627835763645e-02
2.000000000000000000e+00 8.958866327464713015e-05 6.488072332912206974e-01
2.000000000000000000e+00 1.846479794750476142e-05 2.095602343650037613e-01
2.000000000000000000e+00 5.957521425790873214e-06 7.832759870328610818e-02
2.000000000000000000e+00 1.035494861159740826e-07 1.986824213105459593e-04
2.000000000000000000e+00 4.118513157754813733e-06 4.180265926451027375e-02
1.000000000000000000e+00 7.130892343071878851e-04 9.486109952184532679e-01
1.000000000000000000e+00 7.771862052303932494e-04 9.031975293860310394e-01
1.000000000000000000e+00 1.207982624417303476e-03 8.241810062263972281e-01
1.000000000000000000e+00 8.182735997356222792e-04 7.813900942238836134e-01
1.000000000000000000e+00 2.435257047550005028e-05 3.495645200104000733e-02
1.000000000000000000e+00 1.009957526766311038e-03 6.906279722457777659e-01
1.000000000000000000e+00 3.065035634325506317e-04 6.818428428146637854e-01
1.000000000000000000e+00 7.615119655171522124e-05 4.763378186429039207e-01
1.000000000000000000e+00 7.246861022911910545e-05 5.304205734206353107e-01
1.000000000000000000e+00 1.073528073987495206e-05 9.100412506112504074e-02
1.000000000000000000e+00 5.963924264311420676e-06 2.293442215113124238e-02
1.000000000000000000e+00 3.086236884419364229e-05 1.381060193479777265e-01
1.000000000000000000e+00 8.857610489921544008e-04 6.312204350058961966e-01
1.000000000000000000e+00 2.547329179815283843e-04 3.039912538391056351e-01
2.000000000000000000e+00 4.779547401575678361e-06 3.125508662844798113e-01
1.000000000000000000e+00 3.603549077922605921e-05 1.349013876105915333e-01
1.000000000000000000e+00 9.948137778876578431e-05 2.027514187837057003e-01
1.000000000000000000e+00 1.899984693981652541e-04 2.386565433253801938e-01
1.000000000000000000e+00 2.222489885470645501e-04 7.193389123670934637e-01
1.000000000000000000e+00 3.128571497667696679e-04 9.231933084888456209e-01
1.000000000000000000e+00 1.824308961142775628e-04 2.916912100157557086e-01
1.000000000000000000e+00 1.548805582686792380e-05 4.066651195519020712e-02
1.000000000000000000e+00 1.891938116877564828e-03 9.609281467401776800e-01
2.000000000000000000e+00 2.646467038103072621e-05 3.368307713909307055e-01
1.000000000000000000e+00 2.386122502150856827e-05 2.241787809511409102e-01
2.000000000000000000e+00 4.317496514176772827e-06 5.751065331358028165e-02
1.000000000000000000e+00 5.777178760311149977e-05 2.732292952031707411e-01
2.000000000000000000e+00 4.636148817278298515e-06 1.051743242738919920e-01
1.000000000000000000e+00 6.500738777169117735e-05 4.554926865811928516e-01
