1.000000000000000000e+00 2.196750583902117872e-04 4.590150585190048149e-01
1.000000000000000000e+00 2.696813567527773433e-08 4.750686021276161988e-05
1.000000000000000000e+00 5.599206463840431794e-04 7.261698000716753088e-01
1.000000000000000000e+00 7.368805224990626173e-06 2.388574503915293079e-02
1.000000000000000000e+00 3.743000164412098752e-04 6.071373039640278746e-01
2.000000000000000000e+00 6.585517699673530635e-04 9.221476047240737550e-01
1.000000000000000000e+00 1.046939912561711296e-03 6.723732926167775847e-01
2.000000000000000000e+00 8.108206456502507309e-05 1.274477832032167024e-01
1.000000000000000000e+00 8.421898356753095471e-05 2.226359241135195122e-01
1.000000000000000000e+00 4.634165629960843458e-04 6.981124155663027686e-01
1.000000000000000000e+00 2.805186188735810169e-04 5.392030011837316561e-01
1.000000000000000000e+00 2.653107525056831923e-04 4.129290313127367273e-01
1.000000000000000000e+00 3.445753213672920578e-04 8.074398689105424243e-01
1.000000000000000000e+00 1.690830459103652113e-04 8.837223751302358821e-01
2.000000000000000000e+00 4.011144562179709484e-04 8.357225446076379516e-01
1.000000000000000000e+00 3.326188922746392584e-05 1.034108438726058787e-01
1.000000000000000000e+00 1.026646599963499626e-04 2.377716532717815690e-01
1.000000000000000000e+00 6.280345078338618473e-04 5.633745673553733901e-01
1.000000000000000000e+00 1.997456019095856426e-05 9.637896961432572684e-01
1.000000000000000000e+00 3.157189145286869798e-04 9.588952391295944011e-01
2.000000000000000000e+00 5.148496511090256940e-06 4.758760394836350494e-02
2.000000000000000000e+00 9.130188146570119667e-05 6.648849072311059372e-01
2.000000000000000000e+00 1.501195186133540745e-05 2.101983103416840692e-01
2.000000000000000000e+00 5.110237671942075729e-06 6.607547607014140068e-02
2.000000000000000000e+00 9.578353302739568518e-08 1.806970629214884488e-04
2.000000000000000000e+00 4.055424799924709281e-06 3.749884142329397430e-02
1.000000000000000000e+00 6.481799841115016289e-04 9.559130715224326558e-01
1.000000000000000000e+00 7.479887487448046504e-04 9.017552621804463264e-01
1.000000000000000000e+00 1.140133201123330435e-03 8.394029028065498332e-01
1.000000000000000000e+00 8.770762708038118459e-04 7.884753977709858530e-01
1.000000000000000000e+00 2.759296032265729480e-05 3.980919860439843805e-02
1.000000000000000000e+00 9.020140213645109909e-04 6.078410590524767620e-01
1.000000000000000000e+00 3.062688552213873087e-04 6.701058586915593640e-01
1.000000000000000000e+00 8.115715067032876174e-05 5.838340618628637957e-01
1.000000000000000000e+00 7.715561140621919394e-05 6.396959919570449626e-01
1.000000000000000000e+00 1.587506578252940366e-05 1.276330485765272971e-01
1.000000000000000000e+00 6.610029613876898465e-06 2.538673685498837526e-02
1.000000000000000000e+00 4.098709202795302654e-05 2.145468709114255468e-01
1.000000000000000000e+00 8.615784483033118958e-04 6.643257828358717365e-01
1.000000000000000000e+00 2.860651857062560975e-04 3.363246268589448196e-01
2.000000000000000000e+00 4.965267981579647012e-06 3.469043779308295661e-01
1.000000000000000000e+00 5.129403464754717448e-05 2.237425460600897531e-01
1.000000000000000000e+00 1.055893477358691064e-04 2.368882522508812538e-01
1.000000000000000000e+00 1.838575953041602946e-04 2.562023694713367883e-01
1.000000000000000000e+00 1.585896638776273734e-04 5.815569277398998649e-01
1.000000000000000000e+00 2.502089861460242426e-04 9.311936793354664843e-01
1.000000000000000000e+00 2.093407815270672081e-04 3.765394363210251560e-01
1.000000000000000000e+00 1.961489757572524762e-05 5.389658700689204524e-02
1.000000000000000000e+00 1.821625161414528989e-03 9.720221330023908202e-01
2.000000000000000000e+00 2.269786023198345123e-05 3.164148794632029027e-01
1.000000000000000000e+00 2.258548605888887218e-05 1.906380037877188627e-01
2.000000000000000000e+00 6.182185528618564328e-06 8.967820907072442116e-02
1.000000000000000000e+00 5.584780086557617645e-05 2.631039212306284236e-01
2.000000000000000000e+00 4.526909199372365671e-06 8.848980631139223563e-02
1.000000000000000000e+00 6.562601685333366817e-05 5.044502522322100724e-01
