1.000000000000000000e+00 2.116751215965089936e-04 4.239461303587687135e-01
1.000000000000000000e+00 7.189059398974793800e-08 9.434563616749877166e-05
1.000000000000000000e+00 5.811335731461134222e-04 7.059403316084300606e-01
1.000000000000000000e+00 6.913065028305466040e-06 2.182170290648598188e-02
1.000000000000000000e+00 3.673460444792356729e-04 5.361824127513737936e-01
2.000000000000000000e+00 5.693490960021253301e-04 8.970011588550453885e-01
1.000000000000000000e+00 1.101326963140994604e-03 6.339616681807899168e-01
2.000000000000000000e+00 7.511744410886787805e-05 1.217757169199593092e-01
1.000000000000000000e+00 5.346993998667383787e-05 1.256088372123811969e-01
1.000000000000000000e+00 5.555359223315624838e-04 6.148206998340436380e-01
1.000000000000000000e+00 2.949170207318691926e-04 4.897892516561674348e-01
1.000000000000000000e+00 2.357055689008266826e-04 3.446318308128092367e-01
1.000000000000000000e+00 5.586628722334352438e-04 9.620078603364736747e-01
1.000000000000000000e+00 2.215382097746024931e-04 8.417227230773975943e-01
2.000000000000000000e+00 5.789408023509422067e-04 7.297489636778634603e-01
1.000000000000000000e+00 2.958507704816421729e-05 8.317531138081092623e-02
1.000000000000000000e+00 9.732108342854183794e-05 2.089898229358466974e-01
1.000000000000000000e+00 5.220035217290071609e-04 5.720932973767076657e-01
1.000000000000000000e+00 2.337412649398008894e-05 9.650222073103336129e-01
1.000000000000000000e+00 3.998142311828954904e-04 9.459145467580609701e-01
2.000000000000000000e+00 4.872482807519361994e-06 5.246034312779604414e-02
2.000000000000000000e+00 8.839390410190768425e-05 6.330526212203079206e-01
2.000000000000000000e+00 1.621505995293593284e-05 1.619565647858556556e-01
2.000000000000000000e+00 6.242889114457220002e-06 7.156555750749936384e-02
2.000000000000000000e+00 1.073527656292825377e-07 2.062762157257645647e-04
2.000000000000000000e+00 4.602913673640884137e-06 7.082931086648724950e-02
1.000000000000000000e+00 7.301893717986453767e-04 9.478155563418658724e-01
1.000000000000000000e+00 7.892581857902514946e-04 9.009329651095414615e-01
1.000000000000000000e+00 1.251856777819845400e-03 8.153612922121622475e-01
1.000000000000000000e+00 7.998169385385247437e-04 7.639931286308128122e-01
1.000000000000000000e+00 2.416905264433906150e-05 3.487701340214852119e-02
1.000000000000000000e+00 9.203176386795756210e-04 7.163258063212557536e-01
1.000000000000000000e+00 2.571475915096536999e-04 6.093512055320371434e-01
1.000000000000000000e+00 7.609548020880346276e-05 4.593717266703344348e-01
1.000000000000000000e+00 7.371895055077405310e-05 5.007435028311757463e-01
1.000000000000000000e+00 8.137458299393527319e-06 6.987811958606345020e-02
1.000000000000000000e+00 5.564284830343194514e-06 2.080483741356107391e-02
1.000000000000000000e+00 3.026272892335611886e-05 1.308636679451792573e-01
1.000000000000000000e+00 8.651972312795992628e-04 5.820615782280474937e-01
1.000000000000000000e+00 2.573538667348881665e-04 3.059605766699266538e-01
2.000000000000000000e+00 3.289637253745330286e-06 2.117009689669711314e-01
1.000000000000000000e+00 2.654759754075026676e-05 9.316999899125466555e-02
1.000000000000000000e+00 9.643307475031420446e-05 1.917854465056831326e-01
1.000000000000000000e+00 1.879341822405901114e-04 2.242381235522230842e-01
1.000000000000000000e+00 2.440500494205972764e-04 7.941364998933698738e-01
1.000000000000000000e+00 3.424949913758561270e-04 8.809847295753177043e-01
1.000000000000000000e+00 1.457054679049540012e-04 2.117311596647683536e-01
1.000000000000000000e+00 1.538149464230896868e-05 3.985278982186590824e-02
1.000000000000000000e+00 1.909198717706382361e-03 9.596788935984245095e-01
2.000000000000000000e+00 3.504170224753481370e-05 4.270384004128409128e-01
1.000000000000000000e+00 2.724081729924072285e-05 2.292991025123292392e-01
2.000000000000000000e+00 3.678489817531883146e-06 4.646183344791249975e-02
1.000000000000000000e+00 4.032787306756869579e-05 2.001351630032511819e-01
2.000000000000000000e+00 6.118570810061148105e-06 1.380010554743585915e-01
1.000000000000000000e+00 6.406048631810773908e-05 4.567938236028211141e-01
