1.000000000000000000e+00 2.264652317709436315e-04 4.630318513076322473e-01
1.000000000000000000e+00 3.092641132600745400e-08 5.981324138181184832e-05
1.000000000000000000e+00 6.004352717133847224e-04 6.812812218804218389e-01
1.000000000000000000e+00 7.850685999603033879e-06 2.487054146167998192e-02
1.000000000000000000e+00 3.694027950717594720e-04 5.288103498754149756e-01
2.000000000000000000e+00 6.664490074210428945e-04 9.079770790334767971e-01
1.000000000000000000e+00 1.131500309635845303e-03 6.147830386415613635e-01
2.000000000000000000e+00 7.856337397311278516e-05 1.237222102169840549e-01
1.000000000000000000e+00 6.287169659982169126e-05 1.606909698082944482e-01
1.000000000000000000e+00 5.546311137730798070e-04 5.881398824123178493e-01
1.000000000000000000e+00 2.924234823475778833e-04 4.900798828680652530e-01
1.000000000000000000e+00 2.522723049140155856e-04 3.784126662406706032e-01
1.000000000000000000e+00 4.957294424699199530e-04 9.706236839576372066e-01
1.000000000000000000e+00 2.146870046847127952e-04 8.512326126577287599e-01
2.000000000000000000e+00 5.551701214152786681e-04 7.319878784217695999e-01
1.000000000000000000e+00 3.003584413463009835e-05 8.213339219089796361e-02
1.000000000000000000e+00 9.572573920894123292e-05 2.040790064022556249e-01
1.000000000000000000e+00 5.678388487517632959e-04 5.894259609198376770e-01
1.000000000000000000e+00 2.659454328708012855e-05 9.608992043016220119e-01
1.000000000000000000e+00 4.312836344026601491e-04 9.394861564941473508e-01
2.000000000000000000e+00 4.709893099386213204e-06 4.387092649395404192e-02
2.000000000000000000e+00 9.195334973675216457e-05 6.953952295690071228e-01
2.000000000000000000e+00 1.327311458343288898e-05 2.015668801166233537e-01
2.000000000000000000e+00 7.928428631038651352e-06 1.193105254473294519e-01
2.000000000000000000e+00 1.093135400091674451e-07 2.102700487820802406e-04
2.000000000000000000e+00 3.956787737992431076e-06 4.355261662515162030e-02
1.000000000000000000e+00 7.423537793391801710e-04 9.432253615737826724e-01
1.000000000000000000e+00 7.524078380041434753e-04 9.125253629895746510e-01
1.000000000000000000e+00 1.239306855911215081e-03 8.240255616292161411e-01
1.000000000000000000e+00 8.017576995670333724e-04 8.307749476311023784e-01
1.000000000000000000e+00 2.356074963080256312e-05 3.458616560817511648e-02
1.000000000000000000e+00 9.569619796020033438e-04 6.256583109699902501e-01
1.000000000000000000e+00 2.653841224572792536e-04 6.902235926262660914e-01
1.000000000000000000e+00 7.065671349141664675e-05 4.229943505654281677e-01
1.000000000000000000e+00 6.896337996731525817e-05 4.916711893718537230e-01
1.000000000000000000e+00 9.931575645112738791e-06 8.777682334845408885e-02
1.000000000000000000e+00 5.217166007823263335e-06 1.978319901182475429e-02
1.000000000000000000e+00 2.796313438533156056e-05 1.159674605731327995e-01
1.000000000000000000e+00 8.910633708224587751e-04 6.284595065280114135e-01
1.000000000000000000e+00 2.269529486813958558e-04 2.882319173492103870e-01
2.000000000000000000e+00 4.136072847405237882e-06 2.911143088667786927e-01
1.000000000000000000e+00 3.185084303236176891e-05 1.191528210453272341e-01
1.000000000000000000e+00 9.844821262842610001e-05 2.003053439504530464e-01
1.000000000000000000e+00 1.918287421196235461e-04 2.426716074436652826e-01
1.000000000000000000e+00 2.694250032483876730e-04 8.805453144696449019e-01
1.000000000000000000e+00 3.294945193938954601e-04 8.971409953357442069e-01
1.000000000000000000e+00 1.584641826371861696e-04 2.454460223692138121e-01
1.000000000000000000e+00 1.379952628444086861e-05 3.632224365800507809e-02
1.000000000000000000e+00 1.877783158599896076e-03 9.512842482362585672e-01
2.000000000000000000e+00 2.232559252193942184e-05 3.006292348972268158e-01
1.000000000000000000e+00 2.623154966612009474e-05 2.804298299810272788e-01
2.000000000000000000e+00 5.724142656402288673e-06 8.698847467257016242e-02
1.000000000000000000e+00 4.950214653518531373e-05 2.426136544057773403e-01
2.000000000000000000e+00 4.738636692911993119e-06 1.198535577810709435e-01
1.000000000000000000e+00 6.127536612608115219e-05 4.333373118428361370e-01
