1.000000000000000000e+00 2.172375987200276918e-04 4.533136518261438042e-01
1.000000000000000000e+00 2.941861500438871588e-08 5.295362834969670246e-05
1.000000000000000000e+00 5.633524547548397245e-04 7.119492335906212332e-01
1.000000000000000000e+00 7.505814697398946212e-06 2.440209872594002738e-02
1.000000000000000000e+00 3.668386245483771266e-04 5.975510511700714567e-01
2.000000000000000000e+00 6.440199407735448019e-04 9.083473257319116811e-01
1.000000000000000000e+00 1.074052291781282982e-03 6.507447043156026067e-01
2.000000000000000000e+00 7.897799977813777319e-05 1.238128905168133093e-01
1.000000000000000000e+00 7.809586509291806733e-05 2.058022462644594208e-01
1.000000000000000000e+00 4.910783395100769971e-04 6.680638184127305479e-01
1.000000000000000000e+00 2.858884822489998864e-04 5.192922264482032757e-01
1.000000000000000000e+00 2.531771426468356874e-04 3.904748981823649157e-01
1.000000000000000000e+00 3.802863843344416839e-04 8.823664953150457402e-01
1.000000000000000000e+00 1.876533340632271412e-04 8.707682762778506946e-01
2.000000000000000000e+00 4.588727433429134616e-04 7.998437682549801586e-01
1.000000000000000000e+00 3.211820634778301723e-05 1.025818430303636064e-01
1.000000000000000000e+00 9.899340669361122102e-05 2.233141789807791266e-01
1.000000000000000000e+00 6.261260720230902525e-04 5.761178476933580539e-01
1.000000000000000000e+00 2.149111735877462986e-05 9.706186395049001270e-01
1.000000000000000000e+00 3.520109149464790261e-04 9.530202920652759424e-01
2.000000000000000000e+00 5.110108461174163195e-06 4.620297009188510662e-02
2.000000000000000000e+00 9.196689403532647697e-05 6.643860009698649982e-01
2.000000000000000000e+00 1.566609708656616152e-05 2.072414073524194711e-01
2.000000000000000000e+00 5.202288388210322471e-06 7.010036904634384114e-02
2.000000000000000000e+00 9.951604058328015088e-08 1.893800947155056271e-04
2.000000000000000000e+00 3.989327391110595412e-06 3.735138303539067839e-02
1.000000000000000000e+00 6.799177093989924999e-04 9.526240107048220551e-01
1.000000000000000000e+00 7.611632631670347442e-04 9.019540486258131873e-01
1.000000000000000000e+00 1.177233494296074960e-03 8.372430273022763991e-01
1.000000000000000000e+00 8.629597462000031033e-04 7.917416133326162786e-01
1.000000000000000000e+00 2.569034394643897681e-05 3.697232643988256073e-02
1.000000000000000000e+00 9.764686053706602602e-04 6.586809706461926872e-01
1.000000000000000000e+00 3.051194618875922100e-04 6.688383137077928975e-01
1.000000000000000000e+00 7.865485003497484551e-05 5.301540619860456438e-01
1.000000000000000000e+00 7.515253595439238610e-05 5.872506290658239259e-01
1.000000000000000000e+00 1.435251968115954961e-05 1.148646911353974065e-01
1.000000000000000000e+00 6.263557795319556680e-06 2.386269056935764327e-02
1.000000000000000000e+00 3.586544634876041165e-05 1.727496122020726332e-01
1.000000000000000000e+00 8.676943697191463745e-04 6.544118720028613279e-01
1.000000000000000000e+00 2.684744110645734846e-04 3.180629344539616654e-01
2.000000000000000000e+00 4.846498565917863407e-06 3.239952279112094380e-01
1.000000000000000000e+00 4.546800162537307328e-05 1.878241491102875527e-01
1.000000000000000000e+00 1.028589634277013291e-04 2.205328171220912736e-01
1.000000000000000000e+00 1.869180179629638004e-04 2.510223154210021734e-01
1.000000000000000000e+00 1.884601163772116274e-04 6.438810607121054908e-01
1.000000000000000000e+00 2.720687049204856289e-04 9.227553129207994864e-01
1.000000000000000000e+00 1.952764367472230279e-04 3.322375923619274030e-01
1.000000000000000000e+00 1.753180389775285862e-05 4.742498196624362478e-02
1.000000000000000000e+00 1.844773933615546056e-03 9.667983738842611530e-01
2.000000000000000000e+00 2.370333545523884645e-05 3.218123943501163819e-01
1.000000000000000000e+00 2.377682139585541321e-05 2.144376565862423090e-01
2.000000000000000000e+00 5.602317337260060525e-06 7.455975836369824195e-02
1.000000000000000000e+00 5.778502849530659500e-05 2.737969264394765068e-01
2.000000000000000000e+00 4.508033920540311398e-06 8.774644080873973684e-02
1.000000000000000000e+00 6.568865992172044459e-05 4.830504343236567966e-01
