1.000000000000000000e+00 2.098481242486321084e-04 4.213156929810578100e-01
1.000000000000000000e+00 7.419303578857722092e-08 9.735941164406117807e-05
1.000000000000000000e+00 5.737206162716601164e-04 7.155763354476486482e-01
1.000000000000000000e+00 6.784435648312624122e-06 2.152255123465270092e-02
1.000000000000000000e+00 3.709360746127909761e-04 5.506402473150422416e-01
2.000000000000000000e+00 5.538631987480520120e-04 8.949759296567919575e-01
1.000000000000000000e+00 1.089072935682449880e-03 6.435116325065952658e-01
2.000000000000000000e+00 7.515730113883714559e-05 1.221081078071521303e-01
1.000000000000000000e+00 5.410850484009517450e-05 1.276385018121324877e-01
1.000000000000000000e+00 5.474188876629447042e-04 6.296957656881243537e-01
1.000000000000000000e+00 2.932902095930179417e-04 4.952429798503945046e-01
1.000000000000000000e+00 2.364108597195784542e-04 3.472269992901856339e-01
1.000000000000000000e+00 5.334085884179188544e-04 9.557012766723319563e-01
1.000000000000000000e+00 2.160159961164508915e-04 8.451214982223733685e-01
2.000000000000000000e+00 5.678101491592105633e-04 7.400268860651304514e-01
1.000000000000000000e+00 2.972848010168972768e-05 8.747231206756675426e-02
1.000000000000000000e+00 9.926616962883152420e-05 2.150209258913214627e-01
1.000000000000000000e+00 5.273917887772704887e-04 5.794843574768656635e-01
1.000000000000000000e+00 2.229830733848892665e-05 9.665850750330218233e-01
1.000000000000000000e+00 3.848812259893008439e-04 9.484645852880065897e-01
2.000000000000000000e+00 4.889497109943403211e-06 5.073960956284377655e-02
2.000000000000000000e+00 8.846744968019240693e-05 6.259414744292106647e-01
2.000000000000000000e+00 1.595539383861898334e-05 1.616174462152132341e-01
2.000000000000000000e+00 6.314393402087011086e-06 7.334524521513664796e-02
2.000000000000000000e+00 1.060169803894831887e-07 2.031536479540797119e-04
2.000000000000000000e+00 4.701335500104579576e-06 7.306827027259939211e-02
1.000000000000000000e+00 7.182374488035373448e-04 9.495612987574276742e-01
1.000000000000000000e+00 7.920557807099727491e-04 8.996911160403036067e-01
1.000000000000000000e+00 1.234684255738376438e-03 8.123701899874995469e-01
1.000000000000000000e+00 8.018048887078540890e-04 7.525091024814494212e-01
1.000000000000000000e+00 2.474419480906306530e-05 3.593909096697055910e-02
1.000000000000000000e+00 8.946265421664011119e-04 7.144250663166974435e-01
1.000000000000000000e+00 2.581440174113585153e-04 6.028689946258724008e-01
1.000000000000000000e+00 7.785802962790230332e-05 4.795060356638022325e-01
1.000000000000000000e+00 7.542522203930605330e-05 5.186159227589635101e-01
1.000000000000000000e+00 9.280499229324122215e-06 7.950449069524340162e-02
1.000000000000000000e+00 5.813789749906633691e-06 2.175675260112748186e-02
1.000000000000000000e+00 3.179688758377014520e-05 1.417531548748416637e-01
1.000000000000000000e+00 8.592368472599601998e-04 5.781655260617343250e-01
1.000000000000000000e+00 2.684841849581759855e-04 3.159870795568189838e-01
2.000000000000000000e+00 3.275838525397615827e-06 2.162349427019805148e-01
1.000000000000000000e+00 2.808021496627062318e-05 1.009647655421338219e-01
1.000000000000000000e+00 9.682240898614784795e-05 1.937715111616662433e-01
1.000000000000000000e+00 1.866412705421134014e-04 2.239307374015849783e-01
1.000000000000000000e+00 2.288177052978490969e-04 7.425812221179395323e-01
1.000000000000000000e+00 3.260747327573059319e-04 8.856244372395264408e-01
1.000000000000000000e+00 1.495135131756498590e-04 2.185427423904589828e-01
1.000000000000000000e+00 1.613067270852915004e-05 4.187119290513327541e-02
1.000000000000000000e+00 1.905605953032405700e-03 9.621879099583688921e-01
2.000000000000000000e+00 3.583294974968080225e-05 4.352875343255162566e-01
1.000000000000000000e+00 2.697358536709750402e-05 2.273550928186369169e-01
2.000000000000000000e+00 3.718146156331818974e-06 4.706632549009764910e-02
1.000000000000000000e+00 4.161217575362476210e-05 2.102127061679484599e-01
2.000000000000000000e+00 6.344251575389156335e-06 1.482453014461048157e-01
1.000000000000000000e+00 6.511203982517252040e-05 4.718773622815652380e-01
