1.000000000000000000e+00 2.438113496020167430e-04 4.956362662283260723e-01
1.000000000000000000e+00 4.879986874997329257e-08 8.130725317754514429e-05
1.000000000000000000e+00 5.516630261000328135e-04 7.410888504751907968e-01
1.000000000000000000e+00 8.692194921387128863e-06 2.871827972154169031e-02
1.000000000000000000e+00 4.109543038621117379e-04 6.045986124022780794e-01
2.000000000000000000e+00 6.027201502595328463e-04 9.081013105670623364e-01
1.000000000000000000e+00 6.608275734759734218e-04 4.797602231788427596e-01
2.000000000000000000e+00 7.924594732736296200e-05 1.354100959723702480e-01
1.000000000000000000e+00 6.457156355266520224e-05 1.380818619058340746e-01
1.000000000000000000e+00 4.988190748661030724e-04 6.634115204965386203e-01
1.000000000000000000e+00 2.963636231307090955e-04 6.014033971041831128e-01
1.000000000000000000e+00 2.886082183203146656e-04 4.620238079784423912e-01
1.000000000000000000e+00 3.344825583960441256e-04 8.673052885655366806e-01
1.000000000000000000e+00 1.415839538925031020e-04 8.957353193488462040e-01
2.000000000000000000e+00 1.039952475281896108e-03 7.601628766978948404e-01
1.000000000000000000e+00 3.285408438601315881e-05 1.048990830817278508e-01
1.000000000000000000e+00 1.320492795530072035e-04 3.014268431372968404e-01
1.000000000000000000e+00 3.669516934304848169e-04 6.534237052220002173e-01
1.000000000000000000e+00 2.086683005305982796e-05 9.729124227625385313e-01
1.000000000000000000e+00 3.367040120621971142e-04 9.576005836828423989e-01
2.000000000000000000e+00 3.215929859779072096e-06 2.509522106255449025e-02
2.000000000000000000e+00 9.381428798176750855e-05 7.881515404060088770e-01
2.000000000000000000e+00 9.295454826948393583e-06 1.225851275344528729e-01
2.000000000000000000e+00 1.088539511784070473e-05 1.669074528709727223e-01
2.000000000000000000e+00 8.504542062126630063e-08 1.623203526800477410e-04
2.000000000000000000e+00 3.479995780921198383e-06 3.000688365932694182e-02
1.000000000000000000e+00 5.802236658743504952e-04 9.602472691424382978e-01
1.000000000000000000e+00 5.238395653911994722e-04 9.356383194662100111e-01
1.000000000000000000e+00 1.109842271127540981e-03 7.228590865487655170e-01
1.000000000000000000e+00 7.168550532455774012e-04 8.264962088449276933e-01
1.000000000000000000e+00 3.098316493348514134e-05 5.273473022462431964e-02
1.000000000000000000e+00 7.954256144975423637e-04 5.718684181525657273e-01
1.000000000000000000e+00 1.722494744723224310e-04 6.832951996744843770e-01
1.000000000000000000e+00 7.841743105183552004e-05 5.684349240433083095e-01
1.000000000000000000e+00 7.503454809805793391e-05 6.479929216409257009e-01
1.000000000000000000e+00 1.845123871267442063e-05 1.690698623832139202e-01
1.000000000000000000e+00 6.280636379268581856e-06 2.301210639971299973e-02
1.000000000000000000e+00 3.410924211853012827e-05 1.792261450516736410e-01
1.000000000000000000e+00 8.828085091454175668e-04 5.993905368108357612e-01
1.000000000000000000e+00 3.530293739682417199e-04 5.006591098131683015e-01
2.000000000000000000e+00 3.558927330701140590e-06 3.148534027570173421e-01
1.000000000000000000e+00 4.346416108503649344e-05 1.927438437898904011e-01
1.000000000000000000e+00 1.057128327734695481e-04 2.431522006782838308e-01
1.000000000000000000e+00 1.880321072531978101e-04 2.727542277577713059e-01
1.000000000000000000e+00 2.005922178884411559e-04 7.303686568152524261e-01
1.000000000000000000e+00 2.089094573355087527e-04 9.356702142160453484e-01
1.000000000000000000e+00 1.372436505876789179e-04 2.140403949497304836e-01
1.000000000000000000e+00 1.789270012540429406e-05 4.908852225896797455e-02
1.000000000000000000e+00 1.759355694714183089e-03 9.685479000538828043e-01
2.000000000000000000e+00 1.687292238941612575e-05 2.465443797682781157e-01
1.000000000000000000e+00 2.808156807452259372e-05 2.901540636207168844e-01
2.000000000000000000e+00 5.938251420770212064e-06 9.146415529946277934e-02
1.000000000000000000e+00 7.568670421224630315e-05 3.458278034170121917e-01
2.000000000000000000e+00 8.557854955460969748e-06 3.692397024385570270e-01
1.000000000000000000e+00 8.190764291547746132e-05 5.868499567736183975e-01
