1.000000000000000000e+00 2.263407619554284715e-04 4.637060958892958995e-01
1.000000000000000000e+00 2.722002717842583620e-08 5.241989647533023633e-05
1.000000000000000000e+00 5.926488692480583881e-04 6.954757911175115659e-01
1.000000000000000000e+00 7.669380404610957519e-06 2.471124660503114592e-02
1.000000000000000000e+00 3.702842109444264983e-04 5.505419958250922230e-01
2.000000000000000000e+00 6.703823434717260700e-04 9.186792721891092750e-01
1.000000000000000000e+00 1.111439846130327785e-03 6.263815707422024648e-01
2.000000000000000000e+00 7.966607003619764543e-05 1.254110544536911342e-01
1.000000000000000000e+00 6.865069686185717470e-05 1.844896929469126423e-01
1.000000000000000000e+00 5.306620772369510970e-04 6.173707906232814846e-01
1.000000000000000000e+00 2.932298825959929749e-04 5.009759094238510624e-01
1.000000000000000000e+00 2.595282990221479437e-04 3.907636601614650207e-01
1.000000000000000000e+00 4.456461397340853682e-04 9.518841575570545777e-01
1.000000000000000000e+00 2.032195378762474821e-04 8.587694690772766926e-01
2.000000000000000000e+00 5.230013167988932597e-04 7.568699939567871127e-01
1.000000000000000000e+00 3.071518928570494852e-05 9.211590900435112639e-02
1.000000000000000000e+00 9.459224791524066902e-05 2.076868178806016429e-01
1.000000000000000000e+00 5.944225869496467043e-04 6.006683257981827451e-01
1.000000000000000000e+00 2.436949550186938687e-05 9.651758515728912080e-01
1.000000000000000000e+00 4.010649791884831391e-04 9.448268348310795428e-01
2.000000000000000000e+00 4.810239689541843160e-06 4.435006531167800387e-02
2.000000000000000000e+00 9.108277441361655954e-05 6.815375773260777814e-01
2.000000000000000000e+00 1.467032282609541526e-05 1.989031296241165758e-01
2.000000000000000000e+00 7.291243119340555518e-06 1.099912011822957308e-01
2.000000000000000000e+00 1.047509334065856263e-07 2.015654537102808108e-04
2.000000000000000000e+00 4.121994071057248281e-06 4.211622983046429264e-02
1.000000000000000000e+00 7.182303588726020316e-04 9.474492658240356580e-01
1.000000000000000000e+00 7.610878152184323911e-04 9.060675098552509743e-01
1.000000000000000000e+00 1.230909881538141395e-03 8.357739888270602213e-01
1.000000000000000000e+00 8.252606265834660712e-04 8.102247347152269352e-01
1.000000000000000000e+00 2.459735499552978658e-05 3.503340386811480689e-02
1.000000000000000000e+00 9.029802752082026398e-04 5.846257665446994434e-01
1.000000000000000000e+00 2.793768474953709359e-04 6.907387616817984854e-01
1.000000000000000000e+00 7.390457029012251493e-05 4.633808650127243522e-01
1.000000000000000000e+00 7.053570564120592308e-05 5.231879311733538263e-01
1.000000000000000000e+00 1.203183870886822228e-05 1.012227145688706087e-01
1.000000000000000000e+00 5.650354323344917475e-06 2.135904025211562973e-02
1.000000000000000000e+00 3.097406655086189968e-05 1.349435553419424672e-01
1.000000000000000000e+00 8.781776924053483939e-04 6.455095691056893514e-01
1.000000000000000000e+00 2.432968098489603768e-04 2.990999512261031112e-01
2.000000000000000000e+00 4.410048485006291480e-06 3.151331160194666969e-01
1.000000000000000000e+00 3.724872501432266615e-05 1.453748965487103861e-01
1.000000000000000000e+00 9.978438325367935404e-05 2.084958076293427498e-01
1.000000000000000000e+00 1.894327427811788611e-04 2.446965572505491182e-01
1.000000000000000000e+00 2.351303621408201055e-04 7.806398461827624979e-01
1.000000000000000000e+00 3.052099683610425278e-04 9.093575428974458585e-01
1.000000000000000000e+00 1.732574050039697717e-04 2.766285036522569407e-01
1.000000000000000000e+00 1.513364560988557718e-05 4.029014327160054115e-02
1.000000000000000000e+00 1.858735112093285206e-03 9.594431260673152995e-01
2.000000000000000000e+00 2.326174850102975887e-05 3.170044483355611842e-01
1.000000000000000000e+00 2.525123649299594174e-05 2.475169937021040878e-01
2.000000000000000000e+00 5.322232619285613902e-06 7.101820582025891726e-02
1.000000000000000000e+00 5.045641740811905460e-05 2.503932988558041361e-01
2.000000000000000000e+00 4.504315426960898806e-06 9.767814679464176253e-02
1.000000000000000000e+00 6.265079185263529294e-05 4.559107479791347783e-01
