1.000000000000000000e+00 2.236208366940773068e-04 4.580239974067887299e-01
1.000000000000000000e+00 3.025438373147001925e-08 5.555524465838429000e-05
1.000000000000000000e+00 6.007625045096099976e-04 6.772805140340633079e-01
1.000000000000000000e+00 7.766366548408679075e-06 2.459988346154135322e-02
1.000000000000000000e+00 3.588178639759602635e-04 5.292535156189333012e-01
2.000000000000000000e+00 6.765226026492555163e-04 9.187001202801111654e-01
1.000000000000000000e+00 1.131821039236140247e-03 6.146969785198939107e-01
2.000000000000000000e+00 7.803116037152217253e-05 1.220641915200293137e-01
1.000000000000000000e+00 6.373280849628045538e-05 1.575580499718838290e-01
1.000000000000000000e+00 5.536544150962474089e-04 5.888369170000012920e-01
1.000000000000000000e+00 2.946691736791179697e-04 4.838953942723300816e-01
1.000000000000000000e+00 2.453524887099040931e-04 3.637351048085564753e-01
1.000000000000000000e+00 5.007468144444864001e-04 9.702046074876246040e-01
1.000000000000000000e+00 2.226971734200055956e-04 8.454642617411992633e-01
2.000000000000000000e+00 5.610576190338465406e-04 7.286834761113485381e-01
1.000000000000000000e+00 2.996918841562576014e-05 8.092980554110573710e-02
1.000000000000000000e+00 9.194123748311919492e-05 1.963741715541591215e-01
1.000000000000000000e+00 5.743811600393828980e-04 5.675200915321929607e-01
1.000000000000000000e+00 2.663973615729784035e-05 9.605417296364741064e-01
1.000000000000000000e+00 4.320137123835216648e-04 9.391539506268143933e-01
2.000000000000000000e+00 4.911269611439186453e-06 5.456829421845828254e-02
2.000000000000000000e+00 8.927742865957660409e-05 6.722205405417244206e-01
2.000000000000000000e+00 1.652476113153423669e-05 1.938673132790316722e-01
2.000000000000000000e+00 5.308711508774347693e-06 6.734724593736653164e-02
2.000000000000000000e+00 1.084854151545201094e-07 2.099088299020544638e-04
2.000000000000000000e+00 3.932952452031646180e-06 4.308098752878992271e-02
1.000000000000000000e+00 7.493309538074709219e-04 9.427684415587608280e-01
1.000000000000000000e+00 7.680558022164463931e-04 9.101478043507003068e-01
1.000000000000000000e+00 1.263323967715323246e-03 8.316851825782209939e-01
1.000000000000000000e+00 8.261685458518849140e-04 8.181695195916867114e-01
1.000000000000000000e+00 2.293330794886008563e-05 3.248800946141885970e-02
1.000000000000000000e+00 9.659848491918863241e-04 6.529994452686203044e-01
1.000000000000000000e+00 2.895628939638125255e-04 6.904464430124580554e-01
1.000000000000000000e+00 7.074467614807928391e-05 4.201431105038450076e-01
1.000000000000000000e+00 6.850262703974807567e-05 4.807882846185516645e-01
1.000000000000000000e+00 8.347473453406684514e-06 6.912956863461204582e-02
1.000000000000000000e+00 5.211763999014617431e-06 1.991641255762752888e-02
1.000000000000000000e+00 2.743704179707525968e-05 1.121908902393128904e-01
1.000000000000000000e+00 8.890277292093574186e-04 6.385984855331816590e-01
1.000000000000000000e+00 2.261954899378535236e-04 2.848407194586257685e-01
2.000000000000000000e+00 4.354626727785692366e-06 2.877544532306115510e-01
1.000000000000000000e+00 3.213468935040125274e-05 1.173546519632457236e-01
1.000000000000000000e+00 9.802416249636991140e-05 1.971158817367306137e-01
1.000000000000000000e+00 1.916751936576601496e-04 2.385813873744772606e-01
1.000000000000000000e+00 2.690146896760397307e-04 8.761478067265037195e-01
1.000000000000000000e+00 3.440145740669277460e-04 8.955144152379452827e-01
1.000000000000000000e+00 1.628181920319803631e-04 2.516355399661946990e-01
1.000000000000000000e+00 1.368671006980835548e-05 3.585492560339501728e-02
1.000000000000000000e+00 1.892720749532606200e-03 9.511411609959881108e-01
2.000000000000000000e+00 2.527338173473211530e-05 3.299348375639861719e-01
1.000000000000000000e+00 2.566147320166487465e-05 2.509829917959132128e-01
2.000000000000000000e+00 4.852049327989029744e-06 6.235663481362477972e-02
1.000000000000000000e+00 4.755096037643629178e-05 2.235220991740484719e-01
2.000000000000000000e+00 4.274583700285992489e-06 9.512116211744318928e-02
1.000000000000000000e+00 6.154412956967757046e-05 4.225702536318521885e-01
