1.000000000000000000e+00 2.260698254826964601e-04 4.641498926921932555e-01
1.000000000000000000e+00 3.309868803275850682e-08 6.125783791914913190e-05
1.000000000000000000e+00 5.719549322746639948e-04 7.140569098192547370e-01
1.000000000000000000e+00 7.651515476124909568e-06 2.502016665631709089e-02
1.000000000000000000e+00 3.940345566902077952e-04 5.858208448075556962e-01
2.000000000000000000e+00 6.406527348836337822e-04 8.990666183947788603e-01
1.000000000000000000e+00 1.074171962412873854e-03 6.398039324040951659e-01
2.000000000000000000e+00 7.999500394118302818e-05 1.282133805441633134e-01
1.000000000000000000e+00 6.994642519535014481e-05 1.843104995494610210e-01
1.000000000000000000e+00 5.121184441359431837e-04 6.458590472808024563e-01
1.000000000000000000e+00 2.829060636321820751e-04 5.308084708426393794e-01
1.000000000000000000e+00 2.688885929552217117e-04 4.226199807780176010e-01
1.000000000000000000e+00 3.897985250764839853e-04 9.152374752503751321e-01
1.000000000000000000e+00 1.749715680650691619e-04 8.789907983795076651e-01
2.000000000000000000e+00 5.041403407902577023e-04 7.887951936429256072e-01
1.000000000000000000e+00 3.181011559424948613e-05 1.003687914488426286e-01
1.000000000000000000e+00 1.110783897659560243e-04 2.454138991097988276e-01
1.000000000000000000e+00 5.519377961323045697e-04 6.103783434260011687e-01
1.000000000000000000e+00 2.242884709847340740e-05 9.700565762661926827e-01
1.000000000000000000e+00 3.688751408021307592e-04 9.514398337235844272e-01
2.000000000000000000e+00 4.213498046045220849e-06 3.207930161512392159e-02
2.000000000000000000e+00 9.511430191595719838e-05 7.221666229932676151e-01
2.000000000000000000e+00 1.064811302464224111e-05 1.526718546476575900e-01
2.000000000000000000e+00 9.360970965853125078e-06 1.462655294346923429e-01
2.000000000000000000e+00 1.033182931678598311e-07 1.952216876141612276e-04
2.000000000000000000e+00 3.968857593531500504e-06 3.645283863357715731e-02
1.000000000000000000e+00 6.689922920518204252e-04 9.525881984787838430e-01
1.000000000000000000e+00 7.015389933651864718e-04 9.124100198150739693e-01
1.000000000000000000e+00 1.115393557379417691e-03 7.892719657075094597e-01
1.000000000000000000e+00 7.744283408072462132e-04 8.286625166784383767e-01
1.000000000000000000e+00 2.767816359437751437e-05 4.454167827593323581e-02
1.000000000000000000e+00 9.258814823981458778e-04 6.075047989371304968e-01
1.000000000000000000e+00 2.372979881515899063e-04 6.777732218232257466e-01
1.000000000000000000e+00 7.687196409613096190e-05 5.151705940165078879e-01
1.000000000000000000e+00 7.441326393505959269e-05 5.937226553250055661e-01
1.000000000000000000e+00 1.531113173322164105e-05 1.356357240014588184e-01
1.000000000000000000e+00 5.993286231969776909e-06 2.215171740142750367e-02
1.000000000000000000e+00 3.415826549503054259e-05 1.649573379180006572e-01
1.000000000000000000e+00 8.812000462427904733e-04 6.148736447682232598e-01
1.000000000000000000e+00 2.619790654018788658e-04 3.263890144073193222e-01
2.000000000000000000e+00 4.096970080041105454e-06 3.215827239398685311e-01
1.000000000000000000e+00 4.107362450004001681e-05 1.716131269699807949e-01
1.000000000000000000e+00 1.026129703845849822e-04 2.239170905660867184e-01
1.000000000000000000e+00 1.875127215907920048e-04 2.577739833099468858e-01
1.000000000000000000e+00 2.128639133434659738e-04 7.312633668369149520e-01
1.000000000000000000e+00 2.570648868163054931e-04 9.175868627753129836e-01
1.000000000000000000e+00 1.772111073006502524e-04 2.983703718728986098e-01
1.000000000000000000e+00 1.692022257520534414e-05 4.596410749178096028e-02
1.000000000000000000e+00 1.803202774241075175e-03 9.636161910084007909e-01
2.000000000000000000e+00 1.842376268694367015e-05 2.741863053527857641e-01
1.000000000000000000e+00 2.615276566826323424e-05 2.599386107772089782e-01
2.000000000000000000e+00 6.877975445495166797e-06 1.229097616190051312e-01
1.000000000000000000e+00 5.902097098673346189e-05 2.860447586991503033e-01
2.000000000000000000e+00 5.959742108290270302e-06 1.784386322429871996e-01
1.000000000000000000e+00 6.497046681284634963e-05 4.905024202153688839e-01
