1.000000000000000000e+00 2.256957882542851544e-04 4.612626549370991147e-01
1.000000000000000000e+00 2.864194419150765567e-08 5.274962395699208463e-05
1.000000000000000000e+00 5.973246440124042661e-04 6.857620125603562933e-01
1.000000000000000000e+00 7.651137482594956490e-06 2.447662164400382645e-02
1.000000000000000000e+00 3.645851889668111183e-04 5.406925736254890591e-01
2.000000000000000000e+00 6.787907558266648980e-04 9.198109572322655803e-01
1.000000000000000000e+00 1.122162312314443737e-03 6.209543681848336272e-01
2.000000000000000000e+00 7.895177510401006583e-05 1.237817213065514482e-01
1.000000000000000000e+00 6.660281004896452105e-05 1.675352549732336827e-01
1.000000000000000000e+00 5.424371749052066347e-04 6.032531840219949038e-01
1.000000000000000000e+00 2.944595703501498205e-04 4.921684821762876139e-01
1.000000000000000000e+00 2.515514368941269190e-04 3.749897280760979834e-01
1.000000000000000000e+00 4.730085461538999594e-04 9.632207500428265901e-01
1.000000000000000000e+00 2.145499346885503488e-04 8.511589556577595639e-01
2.000000000000000000e+00 5.434762869976439512e-04 7.418637871716468046e-01
1.000000000000000000e+00 3.032060426418077724e-05 8.663554186165932369e-02
1.000000000000000000e+00 9.313756944373039587e-05 2.013545552122504578e-01
1.000000000000000000e+00 5.802165568741722524e-04 5.654614716041126421e-01
1.000000000000000000e+00 2.549471923765371487e-05 9.628450010263791548e-01
1.000000000000000000e+00 4.171090190624556957e-04 9.420081557225977731e-01
2.000000000000000000e+00 4.901434548656252915e-06 5.141031497832353886e-02
2.000000000000000000e+00 8.898330729201194358e-05 6.677881539091706786e-01
2.000000000000000000e+00 1.600310693225481492e-05 1.968690269364571366e-01
2.000000000000000000e+00 5.329690722115019444e-06 6.877675455317158737e-02
2.000000000000000000e+00 1.067293814181452472e-07 2.057801835624045869e-04
2.000000000000000000e+00 4.012339757423821207e-06 4.297807424622776540e-02
1.000000000000000000e+00 7.349695728918983388e-04 9.456245819954955945e-01
1.000000000000000000e+00 7.669163821887516486e-04 9.080188975538633356e-01
1.000000000000000000e+00 1.247801456233665202e-03 8.335015250701478529e-01
1.000000000000000000e+00 8.303962453068803413e-04 8.128468135233386516e-01
1.000000000000000000e+00 2.368874461799159886e-05 3.360137977057421621e-02
1.000000000000000000e+00 9.106565178168784906e-04 6.154732161146772018e-01
1.000000000000000000e+00 2.902792806316958907e-04 6.921673225483300218e-01
1.000000000000000000e+00 7.238642188006227821e-05 4.405034820663016326e-01
1.000000000000000000e+00 6.967391884073896363e-05 4.998804291418889600e-01
1.000000000000000000e+00 9.390518005607222790e-06 7.806450852557840492e-02
1.000000000000000000e+00 5.423011136759051798e-06 2.064773028861741425e-02
1.000000000000000000e+00 2.866484152287450141e-05 1.206161765696296129e-01
1.000000000000000000e+00 8.833392375552999963e-04 6.413569985063898304e-01
1.000000000000000000e+00 2.340315502244574364e-04 2.901762772829361015e-01
2.000000000000000000e+00 4.428281637707239272e-06 3.015489885700322059e-01
1.000000000000000000e+00 3.470502148138639956e-05 1.307243546229259201e-01
1.000000000000000000e+00 9.856889287467760451e-05 2.017071467561235010e-01
1.000000000000000000e+00 1.900126554767854080e-04 2.401714341550784948e-01
1.000000000000000000e+00 2.523574086635939416e-04 8.431004115893582229e-01
1.000000000000000000e+00 3.267197533068663760e-04 9.016712217537059537e-01
1.000000000000000000e+00 1.681141578154586418e-04 2.653213437546679265e-01
1.000000000000000000e+00 1.429851071948292060e-05 3.765799021242052791e-02
1.000000000000000000e+00 1.874257351972249573e-03 9.554829906865776046e-01
2.000000000000000000e+00 2.467787773416053179e-05 3.275038591536760801e-01
1.000000000000000000e+00 2.492091059592492538e-05 2.473791563474816435e-01
2.000000000000000000e+00 5.226842581079100029e-06 6.784889650477822498e-02
1.000000000000000000e+00 4.749596958400083388e-05 2.239925183858799129e-01
2.000000000000000000e+00 4.376309535673616819e-06 1.012240565817527777e-01
1.000000000000000000e+00 6.189048307177956411e-05 4.353993566400019000e-01
