1.000000000000000000e+00 2.256489305246320168e-04 4.671020034190986880e-01
1.000000000000000000e+00 2.456522400228874973e-08 4.529096109027343475e-05
1.000000000000000000e+00 5.637149183726430056e-04 7.348971807419201197e-01
1.000000000000000000e+00 7.742232664471008843e-06 2.549226518128717631e-02
1.000000000000000000e+00 3.848057432137350748e-04 5.894128259758802946e-01
2.000000000000000000e+00 6.479451826545439734e-04 9.001212057021787949e-01
1.000000000000000000e+00 1.046791077280453779e-03 6.724095771184702697e-01
2.000000000000000000e+00 8.233809371525855898e-05 1.302893437490269535e-01
1.000000000000000000e+00 7.816644064100665727e-05 2.072028969730185799e-01
1.000000000000000000e+00 4.669256875893883999e-04 6.908440214000344248e-01
1.000000000000000000e+00 2.727475167729710910e-04 5.536886169149606296e-01
1.000000000000000000e+00 2.859334288724444360e-04 4.550724017496979856e-01
1.000000000000000000e+00 3.394405758684810367e-04 8.104318105908652203e-01
1.000000000000000000e+00 1.517313958636759877e-04 8.961893562431362259e-01
2.000000000000000000e+00 3.821013269663788101e-04 7.967380948974475130e-01
1.000000000000000000e+00 3.362147715681601420e-05 1.029853802987637512e-01
1.000000000000000000e+00 1.108327169221419716e-04 2.512963668793626870e-01
1.000000000000000000e+00 6.227663714279051089e-04 6.117599042882320148e-01
1.000000000000000000e+00 1.992050962153079591e-05 9.671519967521392536e-01
1.000000000000000000e+00 3.153462714777538912e-04 9.599965610968178575e-01
2.000000000000000000e+00 4.540745951580017592e-06 4.377626613966789648e-02
2.000000000000000000e+00 9.618263279031215556e-05 7.315794411251257401e-01
2.000000000000000000e+00 1.097519294730404788e-05 1.539263438188021860e-01
2.000000000000000000e+00 1.022849568374892038e-05 1.533091190351018041e-01
2.000000000000000000e+00 9.554973732349361281e-08 1.793457847482382052e-04
2.000000000000000000e+00 4.153793062241219284e-06 3.740924513182964511e-02
1.000000000000000000e+00 6.314880430359787883e-04 9.565485360216496868e-01
1.000000000000000000e+00 6.900251473514833721e-04 9.121959591425555791e-01
1.000000000000000000e+00 1.105420311735808578e-03 8.383562696031178207e-01
1.000000000000000000e+00 7.976506651365930555e-04 8.113775180674586140e-01
1.000000000000000000e+00 2.862727958727689939e-05 4.559407606548251946e-02
1.000000000000000000e+00 9.397395841655889308e-04 5.821519214881326620e-01
1.000000000000000000e+00 2.706077102441591868e-04 6.982668743974707048e-01
1.000000000000000000e+00 7.969696482618706084e-05 5.914500164512960234e-01
1.000000000000000000e+00 7.901910209761289934e-05 6.816196501703478683e-01
1.000000000000000000e+00 1.914593635741011345e-05 1.666164864340501373e-01
1.000000000000000000e+00 6.580462761900268810e-06 2.466298509118182436e-02
1.000000000000000000e+00 4.462209591940714267e-05 2.395237823089227946e-01
1.000000000000000000e+00 8.615483819483256813e-04 6.636640066225149015e-01
1.000000000000000000e+00 2.861572524242270740e-04 3.499548719716307210e-01
2.000000000000000000e+00 4.405266960817465135e-06 3.443393059461259953e-01
1.000000000000000000e+00 4.997987475317215017e-05 2.275244716863741301e-01
1.000000000000000000e+00 1.074089428210129243e-04 2.507738361389659776e-01
1.000000000000000000e+00 1.857518536468244833e-04 2.694533885354385983e-01
1.000000000000000000e+00 1.591386021016945589e-04 6.077288186264260261e-01
1.000000000000000000e+00 2.303759399423743433e-04 9.279850491141234947e-01
1.000000000000000000e+00 1.738671238723840781e-04 2.966640665662675924e-01
1.000000000000000000e+00 2.045467229269092295e-05 5.734352258818940784e-02
1.000000000000000000e+00 1.800957905661046974e-03 9.715007570998168696e-01
2.000000000000000000e+00 1.824520073070058109e-05 2.549616414737892467e-01
1.000000000000000000e+00 2.350565523039427067e-05 2.021182758479917185e-01
2.000000000000000000e+00 7.772608422551727803e-06 1.402772372656324595e-01
1.000000000000000000e+00 5.253459012733992066e-05 2.799094375438382354e-01
2.000000000000000000e+00 4.465654925091915932e-06 9.317350686820671801e-02
1.000000000000000000e+00 6.443626142713874396e-05 5.167341437419142869e-01
