1.000000000000000000e+00 2.170926563287168263e-04 4.385108127472987505e-01
1.000000000000000000e+00 6.315656396732584401e-08 8.250827979504126537e-05
1.000000000000000000e+00 6.033888219463541362e-04 6.778413934201972246e-01
1.000000000000000000e+00 7.672367530297925382e-06 2.373722459307434779e-02
1.000000000000000000e+00 3.553400959569960886e-04 4.909913850108661437e-01
2.000000000000000000e+00 6.807013206528521711e-04 8.719822496312702453e-01
1.000000000000000000e+00 1.131909515650819957e-03 6.146704033384061683e-01
2.000000000000000000e+00 7.492126320741970954e-05 1.184266973596175554e-01
1.000000000000000000e+00 5.061977825040731265e-05 1.164539298604122947e-01
1.000000000000000000e+00 5.687410002277276623e-04 5.808729808100420167e-01
1.000000000000000000e+00 2.962233435207483321e-04 4.757374000734944652e-01
1.000000000000000000e+00 2.369011061396202598e-04 3.437761608685016568e-01
1.000000000000000000e+00 5.664969974135253532e-04 9.724885191541547957e-01
1.000000000000000000e+00 2.337876809853467832e-04 8.355262302643329253e-01
2.000000000000000000e+00 6.018508706355852386e-04 7.068911375942100728e-01
1.000000000000000000e+00 2.924927569946091519e-05 7.529571025496384351e-02
1.000000000000000000e+00 9.295802327659450552e-05 1.957685459893751534e-01
1.000000000000000000e+00 5.563564374340884472e-04 5.979278034951560628e-01
1.000000000000000000e+00 2.666586334784181868e-05 9.593223129515746628e-01
1.000000000000000000e+00 4.383948668108198898e-04 9.384122880596196259e-01
2.000000000000000000e+00 4.869563490914072479e-06 5.663497115376576324e-02
2.000000000000000000e+00 8.794022841417066310e-05 6.536217045600668518e-01
2.000000000000000000e+00 1.877423960168130644e-05 1.754473295356538953e-01
2.000000000000000000e+00 6.145519380379598943e-06 6.865383926552531824e-02
2.000000000000000000e+00 1.102530946604923353e-07 2.135002318072688407e-04
2.000000000000000000e+00 4.200789627515695934e-06 6.627565865442108795e-02
1.000000000000000000e+00 7.597176617746293761e-04 9.425768897491624276e-01
1.000000000000000000e+00 7.794515306986123495e-04 9.094722871286301524e-01
1.000000000000000000e+00 1.277042911027687902e-03 8.186578334638153764e-01
1.000000000000000000e+00 7.940319452609756684e-04 7.974752810245269163e-01
1.000000000000000000e+00 2.266355379302898858e-05 3.227752457743425507e-02
1.000000000000000000e+00 9.996861500244746783e-04 7.063413218259663173e-01
1.000000000000000000e+00 2.759024047217374220e-04 6.539375394591049329e-01
1.000000000000000000e+00 7.095383922180117941e-05 4.097423255442934065e-01
1.000000000000000000e+00 6.880246764022603177e-05 4.616714665205003953e-01
1.000000000000000000e+00 5.836673454812072518e-06 5.501700743060476684e-02
1.000000000000000000e+00 5.093797336482007397e-06 1.939260975423541880e-02
1.000000000000000000e+00 2.664750743145208922e-05 1.072905321276571011e-01
1.000000000000000000e+00 8.937209904917651875e-04 6.049644319019792382e-01
1.000000000000000000e+00 2.302356054618275049e-04 2.865989593886920650e-01
2.000000000000000000e+00 3.876541751120042788e-06 2.370928810159884381e-01
1.000000000000000000e+00 2.507377366308655601e-05 8.320322277300334912e-02
1.000000000000000000e+00 9.627129860429154849e-05 1.881196503332550618e-01
1.000000000000000000e+00 1.922667119149756658e-04 2.276361587266902131e-01
1.000000000000000000e+00 2.803906231338184067e-04 8.736129577858151585e-01
1.000000000000000000e+00 3.783574051875136508e-04 8.861113977708247047e-01
1.000000000000000000e+00 1.509490618527815984e-04 2.227662602085696275e-01
1.000000000000000000e+00 1.347612372915201322e-05 3.477163373883750824e-02
1.000000000000000000e+00 1.931942820535172004e-03 9.503297228850438039e-01
2.000000000000000000e+00 3.067802607261223600e-05 3.839678178290743538e-01
1.000000000000000000e+00 2.652958477934077493e-05 2.406320219616999434e-01
2.000000000000000000e+00 3.479632768673877356e-06 4.456129172849454534e-02
1.000000000000000000e+00 4.292791478576560174e-05 1.965926141151108086e-01
2.000000000000000000e+00 4.812918742772663160e-06 1.062455202138332666e-01
1.000000000000000000e+00 6.162507290872984184e-05 4.149716870248517098e-01
