1.000000000000000000e+00 2.254902426843462086e-04 4.618954453124347048e-01
1.000000000000000000e+00 2.815761264454084902e-08 5.189811869289608461e-05
1.000000000000000000e+00 5.915102545891822621e-04 6.930939189902027842e-01
1.000000000000000000e+00 7.574210709513801752e-06 2.442632716871419654e-02
1.000000000000000000e+00 3.674975552967303053e-04 5.537310062545455214e-01
2.000000000000000000e+00 6.753465003837997790e-04 9.203635453346549200e-01
1.000000000000000000e+00 1.111439846130327785e-03 6.263815707422024648e-01
2.000000000000000000e+00 7.938619551156662793e-05 1.248009129148457408e-01
1.000000000000000000e+00 6.946016694036583040e-05 1.776553483031119152e-01
1.000000000000000000e+00 5.305895344115081408e-04 6.181290682757379917e-01
1.000000000000000000e+00 2.934377612869044634e-04 4.998605420868826310e-01
1.000000000000000000e+00 2.549492098944094987e-04 3.826293405851410312e-01
1.000000000000000000e+00 4.469857991012133724e-04 9.517395459982108674e-01
1.000000000000000000e+00 2.071188669512706246e-04 8.564194982779731458e-01
2.000000000000000000e+00 5.245910358806272784e-04 7.557240701914279546e-01
1.000000000000000000e+00 3.070810700896754877e-05 9.178802985400422165e-02
1.000000000000000000e+00 9.445050966086973305e-05 2.065277315336496999e-01
1.000000000000000000e+00 5.889820516348056364e-04 5.666885156011185476e-01
1.000000000000000000e+00 2.440366564048059432e-05 9.650459496985538399e-01
1.000000000000000000e+00 4.016196287957671143e-04 9.447453897629556341e-01
2.000000000000000000e+00 4.915263595889118150e-06 4.913549761216065570e-02
2.000000000000000000e+00 8.914063574920113046e-05 6.651097405842560928e-01
2.000000000000000000e+00 1.573210092136986452e-05 1.997892450598804936e-01
2.000000000000000000e+00 5.321421088430334920e-06 6.938809867609548043e-02
2.000000000000000000e+00 1.049493595398298345e-07 2.019472722991436651e-04
2.000000000000000000e+00 4.047440072927352086e-06 4.191974456877026883e-02
1.000000000000000000e+00 7.208849781389569614e-04 9.471769917936221361e-01
1.000000000000000000e+00 7.657981283777779606e-04 9.057456113092349215e-01
1.000000000000000000e+00 1.231277099101285143e-03 8.350756408447358448e-01
1.000000000000000000e+00 8.363942441301448804e-04 8.072823770624544260e-01
1.000000000000000000e+00 2.434492223696197810e-05 3.464019126581285857e-02
1.000000000000000000e+00 8.954007289250309840e-04 6.064968941277135706e-01
1.000000000000000000e+00 2.926460228538237357e-04 6.875814437554064185e-01
1.000000000000000000e+00 7.402414424582255648e-05 4.615849178039718170e-01
1.000000000000000000e+00 7.093482153533118694e-05 5.201436410330092519e-01
1.000000000000000000e+00 1.051187947431680639e-05 8.714509281581588052e-02
1.000000000000000000e+00 5.635154842305114972e-06 2.141716852197035614e-02
1.000000000000000000e+00 3.009064600101146782e-05 1.307497375880503354e-01
1.000000000000000000e+00 8.784363047540578355e-04 6.445128889463045407e-01
1.000000000000000000e+00 2.422633498182712685e-04 2.956119397393077719e-01
2.000000000000000000e+00 4.515733235271484422e-06 3.117183996403298796e-01
1.000000000000000000e+00 3.733672270893326271e-05 1.442922701443880018e-01
1.000000000000000000e+00 9.931794041381918916e-05 2.061857637134347221e-01
1.000000000000000000e+00 1.887579147426314227e-04 2.420645207194924708e-01
1.000000000000000000e+00 2.359313986731601193e-04 7.790802199761727165e-01
1.000000000000000000e+00 3.110093298423941780e-04 9.076074256854695932e-01
1.000000000000000000e+00 1.741121685256208156e-04 2.774065097663502844e-01
1.000000000000000000e+00 1.498063892013853216e-05 3.969587996436815813e-02
1.000000000000000000e+00 1.861078844007045411e-03 9.596223146229334588e-01
2.000000000000000000e+00 2.428678945685672300e-05 3.255595352337479209e-01
1.000000000000000000e+00 2.440337858553264029e-05 2.345065531995366159e-01
2.000000000000000000e+00 5.450857793075105857e-06 7.154734857878447540e-02
1.000000000000000000e+00 4.870927998671530123e-05 2.300808315063956055e-01
2.000000000000000000e+00 4.442938575479718080e-06 9.977155415998906207e-02
1.000000000000000000e+00 6.254116856888225137e-05 4.478681498990428889e-01
