1.000000000000000000e+00 2.123987306024520264e-04 4.359694053367715871e-01
1.000000000000000000e+00 6.871196346204984030e-08 1.025042323371811711e-04
1.000000000000000000e+00 5.725749144756646369e-04 7.111634422957349155e-01
1.000000000000000000e+00 7.916496982600857002e-06 2.532790932665893169e-02
1.000000000000000000e+00 3.688263621738988311e-04 5.616002703449787248e-01
2.000000000000000000e+00 7.245784515830986337e-04 7.673251102362818044e-01
1.000000000000000000e+00 1.074225719304070783e-03 6.508182770550559049e-01
2.000000000000000000e+00 7.428932197682305816e-05 1.148550327665556758e-01
1.000000000000000000e+00 5.238884310156331601e-05 1.236802268744244260e-01
1.000000000000000000e+00 5.020921062208091564e-04 6.690723573142999259e-01
1.000000000000000000e+00 2.879714472797882240e-04 5.107083777781272760e-01
1.000000000000000000e+00 2.503439341821665580e-04 3.760407381513367620e-01
1.000000000000000000e+00 3.906096259113724686e-04 8.753388729600812823e-01
1.000000000000000000e+00 2.013937807864279040e-04 8.579651819569599214e-01
2.000000000000000000e+00 5.413940500509603930e-04 7.595231711489573989e-01
1.000000000000000000e+00 3.057604282384586913e-05 9.988081184257764644e-02
1.000000000000000000e+00 1.018872581215958431e-04 2.267979193687504891e-01
1.000000000000000000e+00 7.170266632169602482e-04 7.549961258237443129e-01
1.000000000000000000e+00 2.083391104689489556e-05 9.539691218153697472e-01
1.000000000000000000e+00 3.590417815706729203e-04 9.523746113977347161e-01
2.000000000000000000e+00 5.014991409625523580e-06 5.166537688071039941e-02
2.000000000000000000e+00 8.780442475673449316e-05 6.185042079680074245e-01
2.000000000000000000e+00 2.131754853068740376e-05 2.246328373696793446e-01
2.000000000000000000e+00 6.788141659916433630e-06 8.782385765400894939e-02
2.000000000000000000e+00 1.005730481495595739e-07 1.915316984793467283e-04
2.000000000000000000e+00 4.396626540529554515e-06 4.581567671781731910e-02
1.000000000000000000e+00 6.886657343618929989e-04 9.517587584419688884e-01
1.000000000000000000e+00 7.878307063234361515e-04 9.000043254742249310e-01
1.000000000000000000e+00 1.161371760587319489e-03 8.056061843066282258e-01
1.000000000000000000e+00 7.981350704191798743e-04 7.451609230631960346e-01
1.000000000000000000e+00 2.567972604477530534e-05 3.742825881635111068e-02
1.000000000000000000e+00 9.440502239251584611e-04 6.635832677258384216e-01
1.000000000000000000e+00 3.159589511777273203e-04 6.822258520133459569e-01
1.000000000000000000e+00 8.002827714570195016e-05 5.163002984975740839e-01
1.000000000000000000e+00 7.514423506930413446e-05 5.645244316428708053e-01
1.000000000000000000e+00 1.156254421134047020e-05 1.038983423248497490e-01
1.000000000000000000e+00 6.573034875696809945e-06 2.568586124816293198e-02
1.000000000000000000e+00 3.335601609864630499e-05 1.598438398083924517e-01
1.000000000000000000e+00 8.893563987417133681e-04 6.188368128802231860e-01
1.000000000000000000e+00 2.802602154825190929e-04 3.263893530604053406e-01
2.000000000000000000e+00 5.091798661609365892e-06 3.388145013819268692e-01
1.000000000000000000e+00 3.693733479341020098e-05 1.388075924591658794e-01
1.000000000000000000e+00 1.001412197423677368e-04 2.055086129503018721e-01
1.000000000000000000e+00 1.884794197202420646e-04 2.341540511405836300e-01
1.000000000000000000e+00 1.921816550348785606e-04 6.326985016649221416e-01
1.000000000000000000e+00 2.991254351302972654e-04 9.497449727157092347e-01
1.000000000000000000e+00 1.971937608109963639e-04 3.212306015705589379e-01
1.000000000000000000e+00 1.678147362174664694e-05 4.363153897319825558e-02
1.000000000000000000e+00 1.905988862423786418e-03 9.652540526463952997e-01
2.000000000000000000e+00 2.848018401326305371e-05 3.535436497737861616e-01
1.000000000000000000e+00 2.196141044911535447e-05 1.866417061257303056e-01
2.000000000000000000e+00 3.639077747193407141e-06 5.067824516490089526e-02
1.000000000000000000e+00 6.385431484894708702e-05 3.014750191149908609e-01
2.000000000000000000e+00 4.951043066675362934e-06 1.077450503176851648e-01
1.000000000000000000e+00 6.701269803189433189e-05 4.748322740118561258e-01
