1.000000000000000000e+00 2.262940996208920872e-04 4.621004297415536310e-01
1.000000000000000000e+00 2.875719692502594139e-08 5.552701490898612668e-05
1.000000000000000000e+00 6.082401032389924593e-04 6.732505347845901822e-01
1.000000000000000000e+00 7.923628211258644676e-06 2.478193955255525438e-02
1.000000000000000000e+00 3.608692832854582867e-04 5.099547831886271920e-01
2.000000000000000000e+00 6.785351486315004121e-04 9.106565811960529722e-01
1.000000000000000000e+00 1.140370833612043685e-03 6.084140540109507223e-01
2.000000000000000000e+00 7.841810812044854159e-05 1.228245120569658871e-01
1.000000000000000000e+00 6.085349674954146598e-05 1.528957617296064497e-01
1.000000000000000000e+00 5.635009406177619385e-04 5.744689292483120546e-01
1.000000000000000000e+00 2.936456893620088674e-04 4.804802116085251651e-01
1.000000000000000000e+00 2.487762054091526096e-04 3.683767207616179817e-01
1.000000000000000000e+00 5.269039050692092552e-04 9.743067926116704136e-01
1.000000000000000000e+00 2.237424059645271588e-04 8.445157715297101353e-01
2.000000000000000000e+00 5.706344872178541541e-04 7.197331589140764097e-01
1.000000000000000000e+00 2.969131221387628095e-05 7.729529919699862361e-02
1.000000000000000000e+00 9.242440234274449707e-05 1.953490652477193334e-01
1.000000000000000000e+00 5.688612711243803662e-04 5.868971635360628047e-01
1.000000000000000000e+00 2.776625030439438337e-05 9.584186531263080289e-01
1.000000000000000000e+00 4.452488865931730397e-04 9.366196175448657790e-01
2.000000000000000000e+00 4.825207019653506386e-06 5.034522636282877384e-02
2.000000000000000000e+00 9.039199383489207715e-05 6.903612457065076979e-01
2.000000000000000000e+00 1.468790131223343562e-05 1.875389920784754083e-01
2.000000000000000000e+00 7.553196921821351867e-06 1.074010322845690285e-01
2.000000000000000000e+00 1.100777583392504964e-07 2.136429510556368848e-04
2.000000000000000000e+00 3.951656306290945974e-06 4.626885512205995005e-02
1.000000000000000000e+00 7.586532672510270560e-04 9.411908145567464690e-01
1.000000000000000000e+00 7.599105634127961608e-04 9.139594290726567039e-01
1.000000000000000000e+00 1.270647156251823945e-03 8.303907787011451935e-01
1.000000000000000000e+00 8.041257282202460841e-04 8.299250953085470783e-01
1.000000000000000000e+00 2.260570882030267924e-05 3.237856911685868533e-02
1.000000000000000000e+00 9.700652903230434819e-04 6.263757409451741198e-01
1.000000000000000000e+00 2.743166831769546584e-04 7.000786179597291436e-01
1.000000000000000000e+00 6.900800338308375791e-05 4.041199284018330840e-01
1.000000000000000000e+00 6.750638585309593485e-05 4.705219667066052880e-01
1.000000000000000000e+00 8.498351379947618686e-06 7.345761286493385223e-02
1.000000000000000000e+00 5.029415563697692878e-06 1.919729518683757283e-02
1.000000000000000000e+00 2.688839739345019218e-05 1.080049330378135691e-01
1.000000000000000000e+00 8.945482215956720431e-04 6.372987390930044960e-01
1.000000000000000000e+00 2.196269859381842586e-04 2.779740782614002481e-01
2.000000000000000000e+00 4.143610336489861844e-06 2.828412266668984820e-01
1.000000000000000000e+00 2.982044576706650445e-05 1.083228059393254311e-01
1.000000000000000000e+00 9.782481398805083564e-05 1.962690870091960693e-01
1.000000000000000000e+00 1.929714043475637387e-04 2.396879485558033318e-01
1.000000000000000000e+00 2.835622803023395600e-04 8.729187456979011772e-01
1.000000000000000000e+00 3.509298622603635202e-04 8.913374057741774159e-01
1.000000000000000000e+00 1.532578893115801736e-04 2.327366187221118765e-01
1.000000000000000000e+00 1.321220066051567764e-05 3.456991755459340454e-02
1.000000000000000000e+00 1.901128259358402135e-03 9.495188614998011367e-01
2.000000000000000000e+00 2.373906991379850292e-05 3.099332277739734742e-01
1.000000000000000000e+00 2.607421698266674636e-05 2.709705807924300269e-01
2.000000000000000000e+00 5.238345041760488742e-06 7.360809251642798368e-02
1.000000000000000000e+00 4.602408282816932984e-05 2.281129116870944662e-01
2.000000000000000000e+00 4.181630726179464877e-06 8.443641336948971843e-02
1.000000000000000000e+00 6.057377988105116113e-05 4.189952787324791039e-01
