1.000000000000000000e+00 2.255544441233631018e-04 4.647515195846684266e-01
1.000000000000000000e+00 2.594685693302670438e-08 4.999213639903190594e-05
1.000000000000000000e+00 5.807907818673559890e-04 7.118636293531304116e-01
1.000000000000000000e+00 7.680047173752770960e-06 2.508331017564115542e-02
1.000000000000000000e+00 3.765864163825558648e-04 5.712819183542596768e-01
2.000000000000000000e+00 6.584556913309772301e-04 9.142819535493923455e-01
1.000000000000000000e+00 1.087208033610988439e-03 6.427362042849106283e-01
2.000000000000000000e+00 8.062867387718852179e-05 1.272956134918238891e-01
1.000000000000000000e+00 7.309582802944107865e-05 2.035663664396547834e-01
1.000000000000000000e+00 5.054359301006321886e-04 6.478888131791965543e-01
1.000000000000000000e+00 2.882618683031901424e-04 5.190839867031250554e-01
1.000000000000000000e+00 2.700965740949632429e-04 4.149468684617451664e-01
1.000000000000000000e+00 3.975879818115955928e-04 9.119016947422634578e-01
1.000000000000000000e+00 1.831453920982868992e-04 8.726948147522213262e-01
2.000000000000000000e+00 4.750518144691272216e-04 7.887948908219748478e-01
1.000000000000000000e+00 3.165620005397170298e-05 9.941674134171989141e-02
1.000000000000000000e+00 9.880772968557139670e-05 2.216037059265715259e-01
1.000000000000000000e+00 6.135967690846340838e-04 6.258563142113607869e-01
1.000000000000000000e+00 2.234651310043548413e-05 9.693563300835980057e-01
1.000000000000000000e+00 3.675289934767352268e-04 9.506574511775787162e-01
2.000000000000000000e+00 4.711255114493080450e-06 4.000800116838725690e-02
2.000000000000000000e+00 9.375770270965576758e-05 7.000838649078828801e-01
2.000000000000000000e+00 1.316024916106806899e-05 1.933614180241358949e-01
2.000000000000000000e+00 8.932000500137757948e-06 1.365031257839709466e-01
2.000000000000000000e+00 1.008662817534712876e-07 1.926426897473640452e-04
2.000000000000000000e+00 4.196344671056375870e-06 3.973744973570043915e-02
1.000000000000000000e+00 6.854439791741048522e-04 9.514787488600559007e-01
1.000000000000000000e+00 7.453023194167692801e-04 9.046771728397584589e-01
1.000000000000000000e+00 1.190827129995639675e-03 8.392812469374127948e-01
1.000000000000000000e+00 8.204278158841493956e-04 8.059773570350053928e-01
1.000000000000000000e+00 2.621330378583277727e-05 3.794984213245197746e-02
1.000000000000000000e+00 9.123112053730969605e-04 5.728980337895746011e-01
1.000000000000000000e+00 2.734616876138098204e-04 6.900349729611069405e-01
1.000000000000000000e+00 7.676155174001983439e-05 5.121124374335742635e-01
1.000000000000000000e+00 7.299974483396895356e-05 5.760251104629978691e-01
1.000000000000000000e+00 1.572604726143129149e-05 1.345719605792304041e-01
1.000000000000000000e+00 6.072519248360971807e-06 2.285886862620555016e-02
1.000000000000000000e+00 3.585739919715298039e-05 1.682206700799546428e-01
1.000000000000000000e+00 8.697184854604602527e-04 6.534796957075311719e-01
1.000000000000000000e+00 2.613809879502317361e-04 3.180180282706416839e-01
2.000000000000000000e+00 4.444112541658092092e-06 3.307000122181903423e-01
1.000000000000000000e+00 4.251696293216574433e-05 1.766006030738289656e-01
1.000000000000000000e+00 1.024302266437361207e-04 2.227130278533248908e-01
1.000000000000000000e+00 1.880862645321638483e-04 2.532361645816208484e-01
1.000000000000000000e+00 2.021258337785312097e-04 6.922764761295407965e-01
1.000000000000000000e+00 2.712323134911187464e-04 9.200320366977394748e-01
1.000000000000000000e+00 1.806893135832515328e-04 2.976948722241518630e-01
1.000000000000000000e+00 1.698468914367636797e-05 4.607842521912843686e-02
1.000000000000000000e+00 1.835282987419628847e-03 9.633904793493867080e-01
2.000000000000000000e+00 2.137052811005459244e-05 2.976324463973923362e-01
1.000000000000000000e+00 2.498840192200073554e-05 2.321498330703548330e-01
2.000000000000000000e+00 5.861480897622465209e-06 8.558816495872949293e-02
1.000000000000000000e+00 5.336847896795933715e-05 2.753655927550210381e-01
2.000000000000000000e+00 4.563879198046580642e-06 9.829200134905931308e-02
1.000000000000000000e+00 6.393884235408462053e-05 4.860152627304306083e-01
