1.000000000000000000e+00 2.260931946638285867e-04 4.644368350530142520e-01
1.000000000000000000e+00 3.065867362120575302e-08 5.759466650947950929e-05
1.000000000000000000e+00 5.740212179054265300e-04 7.133098655714490421e-01
1.000000000000000000e+00 7.695652532268267232e-06 2.514102385925091540e-02
1.000000000000000000e+00 3.876681809515514611e-04 5.800177556721332062e-01
2.000000000000000000e+00 6.455969624974661853e-04 9.001343051177587151e-01
1.000000000000000000e+00 1.086056679428587133e-03 6.428855055972980681e-01
2.000000000000000000e+00 8.023969942538660121e-05 1.276536045809102404e-01
1.000000000000000000e+00 7.097476817419955857e-05 1.890563428104906074e-01
1.000000000000000000e+00 5.098162191254471294e-04 6.463590376482243327e-01
1.000000000000000000e+00 2.833456581775893124e-04 5.282955924851513441e-01
1.000000000000000000e+00 2.692741304954179762e-04 4.212381825264384094e-01
1.000000000000000000e+00 3.925323507870931818e-04 9.141069978963662912e-01
1.000000000000000000e+00 1.774898516000108270e-04 8.779512732531207231e-01
2.000000000000000000e+00 4.694472670245582874e-04 7.899743391966593808e-01
1.000000000000000000e+00 3.181436079561059560e-05 1.003408564198816216e-01
1.000000000000000000e+00 1.072558716748255703e-04 2.368728180943547590e-01
1.000000000000000000e+00 5.853431648767832294e-04 6.018032217966094999e-01
1.000000000000000000e+00 2.238842091540902668e-05 9.699283176652060412e-01
1.000000000000000000e+00 3.685238545879678234e-04 9.511395243556979295e-01
2.000000000000000000e+00 4.389455093671142016e-06 3.397252532886247539e-02
2.000000000000000000e+00 9.609826941565776596e-05 7.170176683690077102e-01
2.000000000000000000e+00 1.102228806021786090e-05 1.639430340948884179e-01
2.000000000000000000e+00 9.149293332983010285e-06 1.420888922308251312e-01
2.000000000000000000e+00 1.040788477830993927e-07 1.969379898314333724e-04
2.000000000000000000e+00 4.031328583033441578e-06 3.731954826495103433e-02
1.000000000000000000e+00 6.759940646899984407e-04 9.521593878340627315e-01
1.000000000000000000e+00 7.161957655657537856e-04 9.104691125890993497e-01
1.000000000000000000e+00 1.136217155612955160e-03 8.084855536487394190e-01
1.000000000000000000e+00 7.974969066661500043e-04 8.261113687288408336e-01
1.000000000000000000e+00 2.715450689584875913e-05 4.253466449666949006e-02
1.000000000000000000e+00 9.350857597204960360e-04 6.044129077480154821e-01
1.000000000000000000e+00 2.562689446720022241e-04 6.789414179447814668e-01
1.000000000000000000e+00 7.679904816362004565e-05 5.142285050151580439e-01
1.000000000000000000e+00 7.484326570404257757e-05 5.930788357463752103e-01
1.000000000000000000e+00 1.547025236960598965e-05 1.338499503968517967e-01
1.000000000000000000e+00 6.017073771179211202e-06 2.232020816187037585e-02
1.000000000000000000e+00 3.472671579086059035e-05 1.655555229911935267e-01
1.000000000000000000e+00 8.775931710470284003e-04 6.267828883864809963e-01
1.000000000000000000e+00 2.602804612770768058e-04 3.202104588979721722e-01
2.000000000000000000e+00 4.226297684883988309e-06 3.201837698192427362e-01
1.000000000000000000e+00 4.152535800150548823e-05 1.737893991785736669e-01
1.000000000000000000e+00 1.025307014021658631e-04 2.238475076795061192e-01
1.000000000000000000e+00 1.877217517594815296e-04 2.572011285527273095e-01
1.000000000000000000e+00 2.091603654124543469e-04 7.189047727368870211e-01
1.000000000000000000e+00 2.609593266858065597e-04 9.170183647500363966e-01
1.000000000000000000e+00 1.740339129641538262e-04 2.901722726947253972e-01
1.000000000000000000e+00 1.693521439152988547e-05 4.599162934518056384e-02
1.000000000000000000e+00 1.813316053754859651e-03 9.634157731678736347e-01
2.000000000000000000e+00 1.918350740915833279e-05 2.761464674345174286e-01
1.000000000000000000e+00 2.558259575161044480e-05 2.480593360244281731e-01
2.000000000000000000e+00 7.086850802649439548e-06 1.270606182016274233e-01
1.000000000000000000e+00 5.462097939309816546e-05 2.748077732288661257e-01
2.000000000000000000e+00 5.284177957100014825e-06 1.309619427649021950e-01
1.000000000000000000e+00 6.345251457062919083e-05 4.825053747474210564e-01
