1.000000000000000000e+00 2.264495985173285394e-04 4.631997156437113738e-01
1.000000000000000000e+00 2.775237060616451882e-08 5.323283348226000414e-05
1.000000000000000000e+00 5.982189316373671571e-04 6.877362950979405420e-01
1.000000000000000000e+00 7.729359115898056605e-06 2.470394511391745679e-02
1.000000000000000000e+00 3.670909638899087367e-04 5.385551382315250102e-01
2.000000000000000000e+00 6.741204983307470594e-04 9.182518628080738043e-01
1.000000000000000000e+00 1.122162312314443737e-03 6.209543681848336272e-01
2.000000000000000000e+00 7.919682587608577293e-05 1.243606634447387560e-01
1.000000000000000000e+00 6.600207893950588817e-05 1.728103327825603608e-01
1.000000000000000000e+00 5.424355585446815004e-04 6.030827803591417569e-01
1.000000000000000000e+00 2.942915274454549522e-04 4.931128908228418761e-01
1.000000000000000000e+00 2.553893396616589511e-04 3.817299140095837817e-01
1.000000000000000000e+00 4.717845621716261397e-04 9.633158494384195247e-01
1.000000000000000000e+00 2.112766223290979373e-04 8.531016885299366193e-01
2.000000000000000000e+00 5.421720175794460901e-04 7.427106219224981487e-01
1.000000000000000000e+00 3.032629704720097853e-05 8.704577087194730056e-02
1.000000000000000000e+00 9.325605235657175843e-05 2.022523614707754935e-01
1.000000000000000000e+00 5.854929141667237222e-04 5.962332909605937425e-01
1.000000000000000000e+00 2.546313169715229513e-05 9.629700912170959803e-01
1.000000000000000000e+00 4.166582047095338101e-04 9.421200278234336256e-01
2.000000000000000000e+00 4.821966011528325162e-06 4.684112585871998830e-02
2.000000000000000000e+00 9.057168354201710703e-05 6.807953723770866494e-01
2.000000000000000000e+00 1.503527258985316997e-05 1.967388412463842995e-01
2.000000000000000000e+00 7.094820122204179163e-06 1.036520754655808896e-01
2.000000000000000000e+00 1.065664850435090933e-07 2.054661102919620470e-04
2.000000000000000000e+00 4.078670545242219869e-06 4.341586791326056127e-02
1.000000000000000000e+00 7.328012326579428715e-04 9.457056780829589115e-01
1.000000000000000000e+00 7.632908448609289570e-04 9.080173468179008056e-01
1.000000000000000000e+00 1.247469578804898506e-03 8.340337370268524619e-01
1.000000000000000000e+00 8.212802221187894772e-04 8.144445356477399978e-01
1.000000000000000000e+00 2.388346416244489423e-05 3.386390251678302737e-02
1.000000000000000000e+00 9.145895334934082445e-04 5.963104472707563275e-01
1.000000000000000000e+00 2.788048013643588865e-04 6.934315050599225705e-01
1.000000000000000000e+00 7.229954357846183103e-05 4.419277351414130361e-01
1.000000000000000000e+00 6.937570944250815016e-05 5.022924159566115598e-01
1.000000000000000000e+00 1.067744729728477881e-05 8.977485145555250123e-02
1.000000000000000000e+00 5.437571537050444858e-06 2.061596832946840582e-02
1.000000000000000000e+00 2.933295661380970446e-05 1.239546636492216969e-01
1.000000000000000000e+00 8.831156356469090953e-04 6.418916304112514126e-01
1.000000000000000000e+00 2.349127625973025158e-04 2.926030978891572820e-01
2.000000000000000000e+00 4.342095925523893946e-06 3.049703231565055739e-01
1.000000000000000000e+00 3.464817906414083195e-05 1.316763004526665393e-01
1.000000000000000000e+00 9.893510884857492941e-05 2.035016632775096812e-01
1.000000000000000000e+00 1.905454004151873075e-04 2.422565158211801850e-01
1.000000000000000000e+00 2.516334096361360685e-04 8.442749040863977150e-01
1.000000000000000000e+00 3.214787282166000726e-04 9.031273180264890454e-01
1.000000000000000000e+00 1.674584940025453811e-04 2.647234471269075962e-01
1.000000000000000000e+00 1.441165060975239935e-05 3.808004098491986344e-02
1.000000000000000000e+00 1.872204333115689038e-03 9.546887176641223327e-01
2.000000000000000000e+00 2.376315522477482928e-05 3.188260489710659784e-01
1.000000000000000000e+00 2.559540404265221858e-05 2.607134857592807164e-01
2.000000000000000000e+00 5.129288942879682759e-06 6.787056934200647040e-02
1.000000000000000000e+00 4.912419164167557080e-05 2.423748616502050257e-01
2.000000000000000000e+00 4.434078777793494557e-06 9.496982897424112446e-02
1.000000000000000000e+00 6.199458908262365359e-05 4.424383177374280884e-01
