1.000000000000000000e+00 2.262036266749886107e-04 4.639935180357033229e-01
1.000000000000000000e+00 3.068575871510150735e-08 5.833123944188321232e-05
1.000000000000000000e+00 5.803740631585431031e-04 7.052275237189626900e-01
1.000000000000000000e+00 7.717610586539520694e-06 2.508983500690691038e-02
1.000000000000000000e+00 3.830957537807226990e-04 5.694813567299938928e-01
2.000000000000000000e+00 6.493198886895572546e-04 9.015260675611368457e-01
1.000000000000000000e+00 1.098890740333009243e-03 6.338002249902637830e-01
2.000000000000000000e+00 7.973113146283524616e-05 1.263951662386603170e-01
1.000000000000000000e+00 6.919654846024615182e-05 1.836931040613268562e-01
1.000000000000000000e+00 5.215688546633637668e-04 6.316674001705696595e-01
1.000000000000000000e+00 2.866083539342395461e-04 5.177961304856981695e-01
1.000000000000000000e+00 2.647489869672709113e-04 4.093323870148675159e-01
1.000000000000000000e+00 4.158210327344714127e-04 9.369066382189809028e-01
1.000000000000000000e+00 1.874940673334981158e-04 8.708055736187144680e-01
2.000000000000000000e+00 4.945163824330441830e-04 7.749294315884461826e-01
1.000000000000000000e+00 3.129567872766955802e-05 9.696017886176178102e-02
1.000000000000000000e+00 1.036997578842828221e-04 2.270778862568862133e-01
1.000000000000000000e+00 5.833079338069084574e-04 6.000017731290502310e-01
1.000000000000000000e+00 2.333909135729959192e-05 9.677846496513642371e-01
1.000000000000000000e+00 3.850643931953045065e-04 9.482716598905803762e-01
2.000000000000000000e+00 4.495711728715629532e-06 3.540910733317845227e-02
2.000000000000000000e+00 9.495277621229213625e-05 7.093705722037670913e-01
2.000000000000000000e+00 1.153420148046726563e-05 1.729953680550271877e-01
2.000000000000000000e+00 8.850565729185684127e-06 1.377021828312158802e-01
2.000000000000000000e+00 1.052190812856718406e-07 1.995506243268191913e-04
2.000000000000000000e+00 4.025324156514162747e-06 3.839475708674189997e-02
1.000000000000000000e+00 6.939113450757134101e-04 9.499583313768060755e-01
1.000000000000000000e+00 7.292224932604796268e-04 9.097876677249104871e-01
1.000000000000000000e+00 1.165730731456290957e-03 8.138828115025508181e-01
1.000000000000000000e+00 7.994251083990455828e-04 8.260175741060886700e-01
1.000000000000000000e+00 2.611594433477204110e-05 4.016384701214180397e-02
1.000000000000000000e+00 9.378222441905310165e-04 6.074482632735140886e-01
1.000000000000000000e+00 2.592491667689760405e-04 6.814012551655554972e-01
1.000000000000000000e+00 7.535920799291621972e-05 4.889825466867356862e-01
1.000000000000000000e+00 7.332952441908378979e-05 5.646040464941399772e-01
1.000000000000000000e+00 1.413799374001709370e-05 1.227469654694907514e-01
1.000000000000000000e+00 5.826156801787763202e-06 2.171245423203384262e-02
1.000000000000000000e+00 3.271282713100201071e-05 1.501610084112000587e-01
1.000000000000000000e+00 8.798310811560366160e-04 6.277625779922215710e-01
1.000000000000000000e+00 2.515669787144308935e-04 3.104635012541502870e-01
2.000000000000000000e+00 4.217878414814904707e-06 3.141710907897951599e-01
1.000000000000000000e+00 3.905353344378643114e-05 1.589145722543726658e-01
1.000000000000000000e+00 1.012309712759972030e-04 2.165902076660876086e-01
1.000000000000000000e+00 1.886945086971134240e-04 2.528832848022745661e-01
1.000000000000000000e+00 2.234382252244045131e-04 7.550414690539927198e-01
1.000000000000000000e+00 2.766362939054513260e-04 9.130777687867706049e-01
1.000000000000000000e+00 1.703010849284114796e-04 2.776946077026387627e-01
1.000000000000000000e+00 1.601576543933188416e-05 4.312865938387938636e-02
1.000000000000000000e+00 1.828794138719268400e-03 9.612033895048823773e-01
2.000000000000000000e+00 1.996253881162627345e-05 2.826625171225352617e-01
1.000000000000000000e+00 2.565561075770763716e-05 2.575164578416112016e-01
2.000000000000000000e+00 6.749994719670169682e-06 1.158206057440572395e-01
1.000000000000000000e+00 5.363555183429687638e-05 2.685013422216532275e-01
2.000000000000000000e+00 5.159978840515390796e-06 1.282060084720075266e-01
1.000000000000000000e+00 6.304860244968808769e-05 4.718703222876938219e-01
