1.000000000000000000e+00 2.252487290160139200e-04 4.624954723283375979e-01
1.000000000000000000e+00 2.764185656821817659e-08 5.068135486588794112e-05
1.000000000000000000e+00 5.860133476855588662e-04 7.001054015502857775e-01
1.000000000000000000e+00 7.503814804113291471e-06 2.434993438346899283e-02
1.000000000000000000e+00 3.702308862883919990e-04 5.652968386266681300e-01
2.000000000000000000e+00 6.732142505904611376e-04 9.213011303159525101e-01
1.000000000000000000e+00 1.099739571624046459e-03 6.336990946996655660e-01
2.000000000000000000e+00 7.989828451047957427e-05 1.255806995214071298e-01
1.000000000000000000e+00 7.238723187462993989e-05 1.879367652419965951e-01
1.000000000000000000e+00 5.180045043298947636e-04 6.337475050745945415e-01
1.000000000000000000e+00 2.919722171513696829e-04 5.079554859616263185e-01
1.000000000000000000e+00 2.585145393375165405e-04 3.903519775739543451e-01
1.000000000000000000e+00 4.226455012715074058e-04 9.346748982787203008e-01
1.000000000000000000e+00 1.992901596267670160e-04 8.619777651873550273e-01
2.000000000000000000e+00 5.032621679333474382e-04 7.710156193508794775e-01
1.000000000000000000e+00 3.113374613705082084e-05 9.609473031313056635e-02
1.000000000000000000e+00 9.591187687430677798e-05 2.120442187564239578e-01
1.000000000000000000e+00 5.968263194773347317e-04 5.659462441691093249e-01
1.000000000000000000e+00 2.337367961666866824e-05 9.671271602827249403e-01
1.000000000000000000e+00 3.853999792276734224e-04 9.476710641860918161e-01
2.000000000000000000e+00 4.934403983982010482e-06 4.725674416865646710e-02
2.000000000000000000e+00 8.928980624462872244e-05 6.632039750982241522e-01
2.000000000000000000e+00 1.548210670856510878e-05 2.023256424458739211e-01
2.000000000000000000e+00 5.301960429933371590e-06 7.008378589144198534e-02
2.000000000000000000e+00 1.031389679916023807e-07 1.978897089216468384e-04
2.000000000000000000e+00 4.076156656280793472e-06 4.115406456137911395e-02
1.000000000000000000e+00 7.063325491558166856e-04 9.491287002783470594e-01
1.000000000000000000e+00 7.638222389908341141e-04 9.037892719836233546e-01
1.000000000000000000e+00 1.213788453781867701e-03 8.367520137865834817e-01
1.000000000000000000e+00 8.429221063768282084e-04 8.026909353099259681e-01
1.000000000000000000e+00 2.504878277460775141e-05 3.575452920863108480e-02
1.000000000000000000e+00 8.818890873311772960e-04 5.980549856722152668e-01
1.000000000000000000e+00 2.948895926892406783e-04 6.853462241612943151e-01
1.000000000000000000e+00 7.563188491992753164e-05 4.843476308305482148e-01
1.000000000000000000e+00 7.218676834767056574e-05 5.420657286187039459e-01
1.000000000000000000e+00 1.161429872159415363e-05 9.612083234620885652e-02
1.000000000000000000e+00 5.846211882236055100e-06 2.218830575380437153e-02
1.000000000000000000e+00 3.172934929116087591e-05 1.425582370189443782e-01
1.000000000000000000e+00 8.740198217226623212e-04 6.483540612282158166e-01
1.000000000000000000e+00 2.508528325354173177e-04 3.022502849077779441e-01
2.000000000000000000e+00 4.602352530287767308e-06 3.220099730549601524e-01
1.000000000000000000e+00 4.009220985416871879e-05 1.593283242935857325e-01
1.000000000000000000e+00 1.002090792273169971e-04 2.113395760239294707e-01
1.000000000000000000e+00 1.874892556861227667e-04 2.441974732665977976e-01
1.000000000000000000e+00 2.195226909945820724e-04 7.295031182566549255e-01
1.000000000000000000e+00 2.961672498294967292e-04 9.132069544878371747e-01
1.000000000000000000e+00 1.806254253809580642e-04 2.937879823225292841e-01
1.000000000000000000e+00 1.573401925242411321e-05 4.194433408116665651e-02
1.000000000000000000e+00 1.848989387733752108e-03 9.616064912312169977e-01
2.000000000000000000e+00 2.389897364698317117e-05 3.234788747739159587e-01
1.000000000000000000e+00 2.389207258215017744e-05 2.223366241061178195e-01
2.000000000000000000e+00 5.669846247610945446e-06 7.558890290676506529e-02
1.000000000000000000e+00 4.974746086248385302e-05 2.350286416528641620e-01
2.000000000000000000e+00 4.491002707147905975e-06 9.704592236161670160e-02
1.000000000000000000e+00 6.312065052589255871e-05 4.598826010790009189e-01
