1.000000000000000000e+00 2.274585825472790954e-04 4.656165891617372043e-01
1.000000000000000000e+00 3.347502926432773489e-08 6.394722294554519321e-05
1.000000000000000000e+00 5.916266850259643828e-04 6.909213346353406671e-01
1.000000000000000000e+00 7.823073607146292099e-06 2.509010095214101246e-02
1.000000000000000000e+00 3.794346043438452578e-04 5.483532244216819951e-01
2.000000000000000000e+00 6.505372560564338371e-04 9.070835448961227510e-01
1.000000000000000000e+00 1.069610337538641053e-03 6.089762590292427946e-01
2.000000000000000000e+00 7.850494323154128635e-05 1.252651144563524388e-01
1.000000000000000000e+00 6.430839480194357357e-05 1.584849016607340066e-01
1.000000000000000000e+00 5.455379180186789969e-04 6.015460988116354546e-01
1.000000000000000000e+00 2.912803977874012609e-04 5.015453275349472939e-01
1.000000000000000000e+00 2.571727708002738248e-04 3.910595644520206693e-01
1.000000000000000000e+00 4.633794065978321546e-04 9.641394551281190495e-01
1.000000000000000000e+00 2.025496155319943270e-04 8.586221529468167635e-01
2.000000000000000000e+00 6.127767034517622160e-04 7.531620403287169196e-01
1.000000000000000000e+00 3.039732857335020292e-05 8.767002232185126809e-02
1.000000000000000000e+00 1.019139971606869465e-04 2.197486977981845668e-01
1.000000000000000000e+00 5.178371710895744153e-04 6.124991558880261699e-01
1.000000000000000000e+00 2.547117009606983545e-05 9.632214077280732978e-01
1.000000000000000000e+00 4.166118388948377100e-04 9.426477848929868397e-01
2.000000000000000000e+00 4.515037342042522016e-06 3.683004950315665188e-02
2.000000000000000000e+00 9.078914349698587411e-05 7.076221158376925224e-01
2.000000000000000000e+00 1.192290963364607133e-05 1.872940825297369494e-01
2.000000000000000000e+00 8.853264365062547261e-06 1.415094550408911855e-01
2.000000000000000000e+00 1.046064762584069452e-07 1.999057377674232213e-04
2.000000000000000000e+00 3.885333231848547275e-06 4.008417508779837241e-02
1.000000000000000000e+00 7.179820968206131974e-04 9.468141698654418681e-01
1.000000000000000000e+00 7.265504586529193155e-04 9.138029231658717499e-01
1.000000000000000000e+00 1.200631124023392214e-03 8.101107627107513309e-01
1.000000000000000000e+00 7.647285731742979554e-04 8.285082672542701809e-01
1.000000000000000000e+00 2.462876774497716969e-05 3.858526688834953977e-02
1.000000000000000000e+00 9.293703937506021112e-04 6.187893748111333858e-01
1.000000000000000000e+00 2.322582493467210572e-04 6.990493744699380896e-01
1.000000000000000000e+00 7.221877571963910940e-05 4.443310416289871223e-01
1.000000000000000000e+00 7.001607521319326002e-05 5.166683612817313254e-01
1.000000000000000000e+00 1.151534562870296071e-05 1.036578974001421682e-01
1.000000000000000000e+00 5.407810683216063730e-06 2.030632943882469676e-02
1.000000000000000000e+00 2.900946091433257576e-05 1.267520627314789594e-01
1.000000000000000000e+00 8.888824598229671560e-04 6.187329431649787326e-01
1.000000000000000000e+00 2.399695909638354361e-04 3.103141231109804443e-01
2.000000000000000000e+00 3.997256242523437689e-06 3.055441554892915357e-01
1.000000000000000000e+00 3.391659611622991748e-05 1.308825054738448346e-01
1.000000000000000000e+00 9.924223530370739597e-05 2.050431853660361903e-01
1.000000000000000000e+00 1.906436598764295375e-04 2.463789385598527948e-01
1.000000000000000000e+00 2.558480282765605439e-04 8.684300167461624920e-01
1.000000000000000000e+00 3.042461311841214953e-04 9.055661196687080361e-01
1.000000000000000000e+00 1.599657674230255491e-04 2.500813649108056258e-01
1.000000000000000000e+00 1.443606465065523169e-05 3.827344213168637488e-02
1.000000000000000000e+00 1.853841454515466882e-03 9.540935138289997619e-01
2.000000000000000000e+00 2.032696155496643964e-05 2.985257617065775193e-01
1.000000000000000000e+00 2.639547249792701872e-05 2.816008341726894404e-01
2.000000000000000000e+00 5.753281016954761348e-06 9.083825791694942475e-02
1.000000000000000000e+00 5.910706212824693226e-05 2.778834697985317348e-01
2.000000000000000000e+00 5.916979845106432127e-06 1.946154079324780017e-01
1.000000000000000000e+00 6.542863526233550387e-05 4.680517621809741069e-01
