1.000000000000000000e+00 2.144329410669293216e-04 4.333503570156466145e-01
1.000000000000000000e+00 6.815937324345558433e-08 8.932842849639565600e-05
1.000000000000000000e+00 5.895710210525932594e-04 6.941300910778056554e-01
1.000000000000000000e+00 7.494522340615074804e-06 2.363832213853988076e-02
1.000000000000000000e+00 3.620722584456866847e-04 5.215886697827912810e-01
2.000000000000000000e+00 6.619822363131783139e-04 8.520051184125825294e-01
1.000000000000000000e+00 1.111574247358967449e-03 6.264791408639633907e-01
2.000000000000000000e+00 7.469100128645419947e-05 1.184584158431451067e-01
1.000000000000000000e+00 5.185606856065410177e-05 1.203255667466763407e-01
1.000000000000000000e+00 5.513777305863720290e-04 6.091517236576960981e-01
1.000000000000000000e+00 2.949153315817416962e-04 4.873614530761407604e-01
1.000000000000000000e+00 2.395597096984846059e-04 3.512909682199185091e-01
1.000000000000000000e+00 5.122113612384440436e-04 9.637722563145827426e-01
1.000000000000000000e+00 2.234864966278051314e-04 8.420323188929919045e-01
2.000000000000000000e+00 5.851585297651166594e-04 7.231851524845718249e-01
1.000000000000000000e+00 2.962114101692776933e-05 8.338512380069453001e-02
1.000000000000000000e+00 9.590628766544322342e-05 2.055410280702717474e-01
1.000000000000000000e+00 5.835670745363167938e-04 6.266264562217371825e-01
1.000000000000000000e+00 2.428842078147655528e-05 9.633425966476470981e-01
1.000000000000000000e+00 4.105972643183836536e-04 9.437128667671815796e-01
2.000000000000000000e+00 4.884698587979292974e-06 5.452401934703841879e-02
2.000000000000000000e+00 8.800493632550255771e-05 6.393588177885851653e-01
2.000000000000000000e+00 1.871936117388615269e-05 1.866208763673088411e-01
2.000000000000000000e+00 6.377104159580743418e-06 7.359502629162201215e-02
2.000000000000000000e+00 1.072411009225006374e-07 2.062814797000813870e-04
2.000000000000000000e+00 4.368499826853957209e-06 6.404887993275491798e-02
1.000000000000000000e+00 7.358151865044285610e-04 9.461586672609347826e-01
1.000000000000000000e+00 7.846697632754877274e-04 9.041812187756710362e-01
1.000000000000000000e+00 1.245950142616460317e-03 8.171406602806179365e-01
1.000000000000000000e+00 7.959459214190167664e-04 7.758860944832406403e-01
1.000000000000000000e+00 2.371926398982279741e-05 3.408318050514846931e-02
1.000000000000000000e+00 9.616946560628328831e-04 7.018474438401614002e-01
1.000000000000000000e+00 2.807208205447881853e-04 6.539082916508647259e-01
1.000000000000000000e+00 7.446396868364600044e-05 4.453458137850389020e-01
1.000000000000000000e+00 7.167815583769061210e-05 4.935821834328556479e-01
1.000000000000000000e+00 7.780994456447770335e-06 7.284598579286349906e-02
1.000000000000000000e+00 5.558123435816537832e-06 2.111285489733729856e-02
1.000000000000000000e+00 2.886189684539749737e-05 1.227770449068787267e-01
1.000000000000000000e+00 8.834404387031090898e-04 5.993031648209687923e-01
1.000000000000000000e+00 2.490334060936901005e-04 2.987827796017744619e-01
2.000000000000000000e+00 3.982849352589114477e-06 2.545948520371809076e-01
1.000000000000000000e+00 2.813524808116140194e-05 9.796338551900436731e-02
1.000000000000000000e+00 9.693029514330184270e-05 1.923201835625961698e-01
1.000000000000000000e+00 1.900819014765789438e-04 2.278152226683868020e-01
1.000000000000000000e+00 2.496006285982843142e-04 8.109698477832760766e-01
1.000000000000000000e+00 3.483717931122892655e-04 8.990806477612601766e-01
1.000000000000000000e+00 1.596126697740479663e-04 2.389018457534586859e-01
1.000000000000000000e+00 1.465497050379404396e-05 3.790326318990368953e-02
1.000000000000000000e+00 1.917288569487293325e-03 9.583899230213879239e-01
2.000000000000000000e+00 3.127553013342422773e-05 3.943983507297819102e-01
1.000000000000000000e+00 2.564033006064025881e-05 2.386418597128753261e-01
2.000000000000000000e+00 3.567571222390733283e-06 4.812686191213014220e-02
1.000000000000000000e+00 4.699723439039959713e-05 2.206560405108802803e-01
2.000000000000000000e+00 5.169009015056221139e-06 1.209002222533540061e-01
1.000000000000000000e+00 6.365757315730817187e-05 4.405353048275065242e-01
