1.000000000000000000e+00 2.270436730781480819e-04 4.685456741753528664e-01
1.000000000000000000e+00 2.450427464035195190e-08 4.411506463951659252e-05
1.000000000000000000e+00 5.738699942095217476e-04 7.305653073781875895e-01
1.000000000000000000e+00 7.325795463209059139e-06 2.389718312227818997e-02
1.000000000000000000e+00 3.821415428934619692e-04 5.908947674805415939e-01
2.000000000000000000e+00 6.763079220591414024e-04 9.243702833227003257e-01
1.000000000000000000e+00 1.046939912561711296e-03 6.723732926167775847e-01
2.000000000000000000e+00 8.322550265355135391e-05 1.315653260245094047e-01
1.000000000000000000e+00 8.349401762517823732e-05 2.287700606923588065e-01
1.000000000000000000e+00 4.648444413477032943e-04 6.932849865359966834e-01
1.000000000000000000e+00 2.824267029474718336e-04 5.461773635060847010e-01
1.000000000000000000e+00 2.805845589733473272e-04 4.342997073592533841e-01
1.000000000000000000e+00 3.433789866364242850e-04 8.079883234559604999e-01
1.000000000000000000e+00 1.623192432336617434e-04 8.873540546981636412e-01
2.000000000000000000e+00 3.959313945478774160e-04 8.392271661140781047e-01
1.000000000000000000e+00 3.324436290793422901e-05 1.012737998354420327e-01
1.000000000000000000e+00 1.029560024201446323e-04 2.398485462526140366e-01
1.000000000000000000e+00 6.146488450801583861e-04 5.736762120042440127e-01
1.000000000000000000e+00 2.002314714458922206e-05 9.680521117341753801e-01
1.000000000000000000e+00 3.144347784204673990e-04 9.593678566827108511e-01
2.000000000000000000e+00 4.890961637848905650e-06 4.330643943789670713e-02
2.000000000000000000e+00 9.045634765066312916e-05 6.728089009853754909e-01
2.000000000000000000e+00 1.404285009826249877e-05 2.037139006360276783e-01
2.000000000000000000e+00 6.157785486095469734e-06 8.316377325056209524e-02
2.000000000000000000e+00 9.557092001074566206e-08 1.802959652961111858e-04
2.000000000000000000e+00 4.205467933588536541e-06 4.002887744406390114e-02
1.000000000000000000e+00 6.425868076480773265e-04 9.562959105530999260e-01
1.000000000000000000e+00 7.382824788673136851e-04 9.027227002793074551e-01
1.000000000000000000e+00 1.140275385196542687e-03 8.421920234158696283e-01
1.000000000000000000e+00 8.628779673519925211e-04 7.936870746423159151e-01
1.000000000000000000e+00 2.888236312785753487e-05 4.144723735142244458e-02
1.000000000000000000e+00 8.330709334935285613e-04 5.496890607679574270e-01
1.000000000000000000e+00 2.925590466163791752e-04 6.823026661302472595e-01
1.000000000000000000e+00 8.096629776780007873e-05 5.886213814725945737e-01
1.000000000000000000e+00 7.603044345112479493e-05 6.442926402189795843e-01
1.000000000000000000e+00 1.604162578003894381e-05 1.334573484522702247e-01
1.000000000000000000e+00 6.586126881071262500e-06 2.527535707937837370e-02
1.000000000000000000e+00 4.178211528367922365e-05 2.193833662469934220e-01
1.000000000000000000e+00 8.604095295925786886e-04 6.676483783775278846e-01
1.000000000000000000e+00 2.866988126379251575e-04 3.383883194877253531e-01
2.000000000000000000e+00 4.808938499182466807e-06 3.624051088623703176e-01
1.000000000000000000e+00 5.143904459524803333e-05 2.285583414949683423e-01
1.000000000000000000e+00 1.055202965206114563e-04 2.424514687993730711e-01
1.000000000000000000e+00 1.825414219132824546e-04 2.562804528301008133e-01
1.000000000000000000e+00 1.579642992400731713e-04 5.897190158344192135e-01
1.000000000000000000e+00 2.462962808517435149e-04 9.324165336674276050e-01
1.000000000000000000e+00 2.077221666768766203e-04 3.732832047642085649e-01
1.000000000000000000e+00 1.973085122954492621e-05 5.435154479762986657e-02
1.000000000000000000e+00 1.804147815883044587e-03 9.718759172508504296e-01
2.000000000000000000e+00 2.174713881185812652e-05 3.095336018141205403e-01
1.000000000000000000e+00 2.255710888869268368e-05 1.828521288995932914e-01
2.000000000000000000e+00 6.455083236862303259e-06 9.857231607494537640e-02
1.000000000000000000e+00 5.138366039346080165e-05 2.478438953430027736e-01
2.000000000000000000e+00 4.585069023761707419e-06 9.461902901360172424e-02
1.000000000000000000e+00 6.405751709886925774e-05 5.076676704419810227e-01
