1.000000000000000000e+00 2.264020904990727049e-04 4.625934877981949800e-01
1.000000000000000000e+00 3.100477469509400967e-08 5.958257495903985092e-05
1.000000000000000000e+00 6.071292375292820310e-04 6.738866371703623459e-01
1.000000000000000000e+00 7.914439693279619843e-06 2.480228015171398806e-02
1.000000000000000000e+00 3.649590989866538212e-04 5.135906927327985594e-01
2.000000000000000000e+00 6.748686835992397321e-04 9.091357064798578635e-01
1.000000000000000000e+00 1.140157238146056844e-03 6.084722166715342828e-01
2.000000000000000000e+00 7.835334393070013609e-05 1.230689991333513145e-01
1.000000000000000000e+00 6.060704263142327789e-05 1.523535979380674921e-01
1.000000000000000000e+00 5.642837572138169897e-04 5.743872367797862033e-01
1.000000000000000000e+00 2.931311343021923829e-04 4.820258601251759534e-01
1.000000000000000000e+00 2.485969930222406790e-04 3.694144667794695414e-01
1.000000000000000000e+00 5.249103065232960715e-04 9.744690549258316903e-01
1.000000000000000000e+00 2.224520269647026237e-04 8.455654516359323303e-01
2.000000000000000000e+00 5.702299841819418944e-04 7.199470887472236846e-01
1.000000000000000000e+00 2.970058078913963122e-05 7.737306201954578799e-02
1.000000000000000000e+00 9.388307284429015204e-05 1.983642499757598820e-01
1.000000000000000000e+00 5.599801923037357222e-04 5.830258413330653422e-01
1.000000000000000000e+00 2.777243941543389071e-05 9.584823227104486421e-01
1.000000000000000000e+00 4.452144145137365235e-04 9.367811377742794043e-01
2.000000000000000000e+00 4.756497031161846859e-06 4.734724497263539944e-02
2.000000000000000000e+00 9.116093867032983359e-05 6.937258949379698780e-01
2.000000000000000000e+00 1.391198220231186862e-05 2.023456482009658719e-01
2.000000000000000000e+00 7.612473007230845682e-06 1.109436883692036385e-01
2.000000000000000000e+00 1.107837344300274265e-07 2.140521144813604568e-04
2.000000000000000000e+00 3.917200649251244030e-06 4.573297906998061158e-02
1.000000000000000000e+00 7.566459245116938888e-04 9.413508901508278459e-01
1.000000000000000000e+00 7.561134086790031713e-04 9.144162255998909972e-01
1.000000000000000000e+00 1.258577462390084644e-03 8.236480861804414966e-01
1.000000000000000000e+00 8.017427884080069933e-04 8.335744754606517759e-01
1.000000000000000000e+00 2.287647703193595495e-05 3.318198404032326326e-02
1.000000000000000000e+00 9.677007317440929936e-04 6.334206769039342211e-01
1.000000000000000000e+00 2.665346034180202692e-04 6.903316021110281753e-01
1.000000000000000000e+00 6.907379189709175890e-05 4.047428004664873624e-01
1.000000000000000000e+00 6.760395728468124896e-05 4.722243559733017571e-01
1.000000000000000000e+00 8.584631604480990854e-06 7.603185543680973657e-02
1.000000000000000000e+00 5.019900810826735680e-06 1.913758289767403947e-02
1.000000000000000000e+00 2.677491998454366274e-05 1.079778480460554663e-01
1.000000000000000000e+00 8.962115730797539552e-04 6.293427695262601151e-01
1.000000000000000000e+00 2.196758379738509399e-04 2.782846453577498824e-01
2.000000000000000000e+00 4.096840874589849323e-06 2.815457718945614807e-01
1.000000000000000000e+00 2.968238365377820186e-05 1.079553761356940728e-01
1.000000000000000000e+00 9.785518019806034844e-05 1.963288555275467528e-01
1.000000000000000000e+00 1.928831053475341117e-04 2.402218774848124405e-01
1.000000000000000000e+00 2.847882787537642777e-04 8.739512215216982405e-01
1.000000000000000000e+00 3.479377185065898772e-04 8.912823997699130807e-01
1.000000000000000000e+00 1.549506210741257209e-04 2.377458333058850570e-01
1.000000000000000000e+00 1.321119515280017595e-05 3.458443945527633900e-02
1.000000000000000000e+00 1.895212223024563946e-03 9.494688212602674371e-01
2.000000000000000000e+00 2.310172268985083175e-05 3.077973706869390202e-01
1.000000000000000000e+00 2.651689961485511178e-05 2.781527002530003179e-01
2.000000000000000000e+00 5.390878790586721783e-06 7.965827659843714714e-02
1.000000000000000000e+00 4.778844546593075517e-05 2.319788825273312038e-01
2.000000000000000000e+00 4.570444297737777945e-06 1.135458993252742577e-01
1.000000000000000000e+00 6.056408167803239805e-05 4.198813687168335140e-01
