1.000000000000000000e+00 2.259850306645361760e-04 4.657403483501763031e-01
1.000000000000000000e+00 2.548416664234401275e-08 4.809070206009496387e-05
1.000000000000000000e+00 5.785489244062426515e-04 7.180150804646880935e-01
1.000000000000000000e+00 7.544825325983075357e-06 2.468202040202306657e-02
1.000000000000000000e+00 3.787164562240947141e-04 5.790296780433055179e-01
2.000000000000000000e+00 6.656367864283255047e-04 9.205346640427399807e-01
1.000000000000000000e+00 1.074052216441320198e-03 6.507447243906495649e-01
2.000000000000000000e+00 8.149950012157682890e-05 1.288279920010723112e-01
1.000000000000000000e+00 7.657454890977088340e-05 2.194827968706350996e-01
1.000000000000000000e+00 4.919453449718534177e-04 6.632269819969892621e-01
1.000000000000000000e+00 2.873897048973776463e-04 5.266961488703115757e-01
1.000000000000000000e+00 2.734001388628740851e-04 4.206274142933043025e-01
1.000000000000000000e+00 3.778639809941413178e-04 8.831164541228007092e-01
1.000000000000000000e+00 1.767576362530166780e-04 8.769460329106809615e-01
2.000000000000000000e+00 4.513758360166787980e-04 8.049740726547734981e-01
1.000000000000000000e+00 3.211885734248015134e-05 1.009822735471155447e-01
1.000000000000000000e+00 9.942688436826849685e-05 2.265401675877359022e-01
1.000000000000000000e+00 6.149054575083673542e-04 6.136019184993559694e-01
1.000000000000000000e+00 2.149296299703227218e-05 9.712281102455746495e-01
1.000000000000000000e+00 3.501333695339655240e-04 9.534200521850186849e-01
2.000000000000000000e+00 4.757055837246980773e-06 3.964829648115015398e-02
2.000000000000000000e+00 9.281196634499979108e-05 6.896058575267993707e-01
2.000000000000000000e+00 1.370452524954183961e-05 1.990043417498361666e-01
2.000000000000000000e+00 7.876694731801853858e-06 1.172103769745378166e-01
2.000000000000000000e+00 9.910705192422499372e-08 1.886021039820563446e-04
2.000000000000000000e+00 4.218643581494264214e-06 3.986701428760977550e-02
1.000000000000000000e+00 6.716118539008514125e-04 9.531265855837194323e-01
1.000000000000000000e+00 7.468426435189181147e-04 9.030726522548433444e-01
1.000000000000000000e+00 1.176673918043648738e-03 8.396485586149471381e-01
1.000000000000000000e+00 8.379979318139980796e-04 7.993549154678771806e-01
1.000000000000000000e+00 2.712972200656966443e-05 3.884329174271807655e-02
1.000000000000000000e+00 8.789122901450288020e-04 5.606755049170657479e-01
1.000000000000000000e+00 2.794062089636853864e-04 6.850052621574286293e-01
1.000000000000000000e+00 7.834123663302890064e-05 5.369078410415619729e-01
1.000000000000000000e+00 7.368084890826859007e-05 5.951190414380778115e-01
1.000000000000000000e+00 1.596476100959309875e-05 1.345385470141960138e-01
1.000000000000000000e+00 6.259416842215530553e-06 2.373158695985509714e-02
1.000000000000000000e+00 3.769708131388874314e-05 1.827905444496168985e-01
1.000000000000000000e+00 8.662083220028651658e-04 6.580290243829924890e-01
1.000000000000000000e+00 2.701448336356417393e-04 3.244146179385798967e-01
2.000000000000000000e+00 4.586515133104248360e-06 3.434391786791186063e-01
1.000000000000000000e+00 4.554968160998088699e-05 1.933784205809384871e-01
1.000000000000000000e+00 1.033624682545879539e-04 2.283176499836284123e-01
1.000000000000000000e+00 1.862573097215637467e-04 2.534994910257004075e-01
1.000000000000000000e+00 1.867007409434025917e-04 6.536856214086362860e-01
1.000000000000000000e+00 2.627114035803801060e-04 9.250809072937984379e-01
1.000000000000000000e+00 1.928185471145902686e-04 3.270081605431970906e-01
1.000000000000000000e+00 1.784536695796752143e-05 4.865765416746069966e-02
1.000000000000000000e+00 1.824530048211164650e-03 9.655103642633908745e-01
2.000000000000000000e+00 2.177108954652061843e-05 3.088559653637509284e-01
1.000000000000000000e+00 2.444800449161499658e-05 2.153804438820603739e-01
2.000000000000000000e+00 5.832503703835355799e-06 8.406189450282165743e-02
1.000000000000000000e+00 5.334050939271866730e-05 2.682629823680704462e-01
2.000000000000000000e+00 4.618293061712706681e-06 9.806737404059023833e-02
1.000000000000000000e+00 6.412885398291837721e-05 4.928667865715304353e-01
