1.000000000000000000e+00 2.236264605636532042e-04 7.089541461248658472e-01
1.000000000000000000e+00 1.446315542241337552e-06 3.063987189349364967e-03
1.000000000000000000e+00 5.179953137734971376e-04 6.724324364450977587e-01
1.000000000000000000e+00 1.669106152471594182e-05 6.240041415615919101e-02
1.000000000000000000e+00 3.810147188955067036e-04 4.753490341579193479e-01
2.000000000000000000e+00 5.336544629584376960e-04 9.312481891025909952e-01
1.000000000000000000e+00 8.078924985410572282e-04 7.429105193602746349e-01
2.000000000000000000e+00 1.852322045024055606e-04 4.390040891285235114e-01
1.000000000000000000e+00 5.699959626560654509e-05 1.786304109367673199e-01
1.000000000000000000e+00 7.936184470216295416e-05 1.812352103789510449e-01
1.000000000000000000e+00 2.989407973065313787e-04 7.078014945028028304e-01
1.000000000000000000e+00 2.774929161844014083e-04 5.869383128791159088e-01
1.000000000000000000e+00 3.213198471160695429e-04 9.105223302560818688e-01
1.000000000000000000e+00 1.002932385193891458e-04 8.925547171502796751e-01
2.000000000000000000e+00 5.890915524898664938e-04 8.064397227513863120e-01
1.000000000000000000e+00 6.299887885324127594e-05 1.546032980041721627e-01
1.000000000000000000e+00 1.177314525861784290e-04 3.722597163485312222e-01
1.000000000000000000e+00 3.882851340014434457e-04 7.249151940793465698e-01
1.000000000000000000e+00 2.555727774914672701e-05 8.046746331197855984e-01
1.000000000000000000e+00 1.023790756689874504e-04 9.903743695994047247e-01
2.000000000000000000e+00 6.787494265843087123e-06 9.463866010709472143e-02
2.000000000000000000e+00 7.715495838867175488e-05 7.986539118147629734e-01
2.000000000000000000e+00 2.875549322069291677e-05 3.736301085033046920e-01
2.000000000000000000e+00 1.490535821149184299e-05 3.127327847622081158e-01
2.000000000000000000e+00 9.494424924074524805e-06 4.481636910059624834e-02
2.000000000000000000e+00 9.368724204535655909e-06 2.403021515128121177e-01
1.000000000000000000e+00 3.185692308748873424e-04 9.780747956182632707e-01
1.000000000000000000e+00 2.855148174095973159e-04 8.691390418514345351e-01
1.000000000000000000e+00 8.923776602904505417e-04 9.837544434978315877e-01
1.000000000000000000e+00 4.684723688928188489e-04 8.987813915143438859e-01
1.000000000000000000e+00 3.690076498423677283e-05 8.616659654645025812e-02
1.000000000000000000e+00 8.449263802932683058e-04 8.414484443224273802e-01
1.000000000000000000e+00 2.609421443833307135e-04 9.391101925642525439e-01
1.000000000000000000e+00 7.507327385491512192e-05 7.173909938791968033e-01
1.000000000000000000e+00 5.269722206412078821e-05 4.650877010514130605e-01
1.000000000000000000e+00 2.451765407950520420e-06 1.675051284539224444e-02
1.000000000000000000e+00 1.506986704495880044e-05 1.015995948306125246e-01
1.000000000000000000e+00 7.918314862634417322e-05 3.486167132235501454e-01
1.000000000000000000e+00 6.815454270839102100e-04 7.675644981480123086e-01
1.000000000000000000e+00 2.542803859701148759e-04 3.252853021141189904e-01
2.000000000000000000e+00 1.714244106715333242e-06 1.224222768843679782e-01
1.000000000000000000e+00 3.760462997974380116e-05 1.467984230100851939e-01
1.000000000000000000e+00 1.218824538506044740e-04 5.615664175713424022e-01
1.000000000000000000e+00 2.102420643292473841e-04 4.626136556861215610e-01
1.000000000000000000e+00 3.338009642786456837e-04 8.493007126183290678e-01
1.000000000000000000e+00 1.246124597730712241e-04 9.411173528490862639e-01
1.000000000000000000e+00 2.243087216341952924e-04 4.838790817573729863e-01
1.000000000000000000e+00 4.814253736287784215e-05 1.604322242277732569e-01
1.000000000000000000e+00 1.093471126864405422e-03 9.731136432798178637e-01
2.000000000000000000e+00 2.771914059298567206e-05 4.156388845173479840e-01
1.000000000000000000e+00 2.791849111894481421e-05 3.161580141548985257e-01
2.000000000000000000e+00 9.775953994313244492e-06 1.882980205314283007e-01
1.000000000000000000e+00 5.330962347584875584e-05 2.725328990153543796e-01
2.000000000000000000e+00 1.606097903357920506e-05 7.980575121841636532e-01
1.000000000000000000e+00 6.281093370761831952e-05 4.785944601885885330e-01
