1.000000000000000000e+00 2.796281344420926854e-04 8.282906357579079559e-01
1.000000000000000000e+00 3.862338005538391893e-06 6.534184562174150286e-03
1.000000000000000000e+00 4.381090390238755509e-04 7.216001522266516366e-01
1.000000000000000000e+00 2.068393343968872856e-05 7.951202650657711313e-02
1.000000000000000000e+00 3.448534454470043691e-04 4.933488690940672772e-01
2.000000000000000000e+00 4.862962827105789536e-04 9.268337338119970736e-01
1.000000000000000000e+00 6.811288044182062284e-04 7.047571711229885238e-01
2.000000000000000000e+00 1.664947761609566817e-04 4.226521027580077972e-01
1.000000000000000000e+00 6.105103239669000808e-05 1.631174196964950418e-01
1.000000000000000000e+00 1.789724894100346681e-04 4.242828359683239459e-01
1.000000000000000000e+00 2.765175506983085104e-04 6.543685826937264416e-01
1.000000000000000000e+00 3.024933253122506402e-04 6.194070603229699934e-01
1.000000000000000000e+00 2.449026399528628044e-04 8.845637157120210814e-01
1.000000000000000000e+00 8.527258613968760072e-05 8.957141821565135498e-01
2.000000000000000000e+00 6.527859142877678010e-04 8.619374286509722261e-01
1.000000000000000000e+00 5.934378504669520339e-05 1.288770390681023559e-01
1.000000000000000000e+00 1.324258712338870431e-04 4.364600375341197158e-01
1.000000000000000000e+00 2.858673972156786764e-04 6.832423209668525566e-01
1.000000000000000000e+00 2.443097941715746145e-05 8.391133335662832593e-01
1.000000000000000000e+00 1.348102843503988773e-04 9.695714769427525859e-01
2.000000000000000000e+00 6.244651646587933872e-06 8.480361424266096015e-02
2.000000000000000000e+00 8.039680410490957743e-05 7.724678355280428788e-01
2.000000000000000000e+00 2.303321195155165797e-05 3.329362707835101798e-01
2.000000000000000000e+00 1.497097849260778321e-05 2.707873951020023373e-01
2.000000000000000000e+00 5.244511860535933594e-06 2.075008325576070331e-02
2.000000000000000000e+00 7.037109563737974064e-06 1.484039960663106617e-01
1.000000000000000000e+00 2.265081870663674356e-04 9.784743860307756336e-01
1.000000000000000000e+00 2.608427829837187215e-04 8.085148898454400657e-01
1.000000000000000000e+00 9.985700914078704787e-04 9.455124782722479360e-01
1.000000000000000000e+00 5.895890862420156541e-04 9.437418961719080679e-01
1.000000000000000000e+00 5.230598848442356776e-05 1.325497194932512002e-01
1.000000000000000000e+00 8.033007306130721678e-04 7.976450618140136228e-01
1.000000000000000000e+00 2.008610615424215361e-04 8.565350101091921964e-01
1.000000000000000000e+00 6.967650244644240450e-05 6.489069588884226469e-01
1.000000000000000000e+00 6.792296914064682094e-05 6.538055860709744982e-01
1.000000000000000000e+00 5.404605161200808089e-06 4.027559445205975558e-02
1.000000000000000000e+00 1.288012547721542390e-05 8.577240112056733201e-02
1.000000000000000000e+00 6.190932435064576769e-05 3.018532890718031991e-01
1.000000000000000000e+00 6.911660387459834208e-04 7.759782484291266602e-01
1.000000000000000000e+00 2.784224961029225891e-04 3.871003623250557912e-01
2.000000000000000000e+00 2.187592749930007748e-06 1.642399031490948125e-01
1.000000000000000000e+00 3.735793184250847166e-05 1.680481490161022384e-01
1.000000000000000000e+00 1.084776683643278838e-04 5.298381153155145018e-01
1.000000000000000000e+00 2.115517210881097225e-04 5.029871145071335148e-01
1.000000000000000000e+00 2.909594230603938770e-04 9.301625896031691099e-01
1.000000000000000000e+00 1.040069109445251004e-04 9.730751294046265931e-01
1.000000000000000000e+00 1.794134285995383589e-04 3.869246957379096075e-01
1.000000000000000000e+00 2.059240837607421393e-05 6.018507307006018547e-02
1.000000000000000000e+00 1.058723439554912996e-03 9.733596364693737346e-01
2.000000000000000000e+00 2.202803120432373171e-05 2.712415357614899047e-01
1.000000000000000000e+00 3.575445713365851293e-05 4.511160700255898992e-01
2.000000000000000000e+00 8.639689273478066240e-06 1.518131943120452632e-01
1.000000000000000000e+00 6.776979776872946214e-05 3.663502947649908692e-01
2.000000000000000000e+00 1.672267958059215823e-05 8.338715948492898544e-01
1.000000000000000000e+00 6.454124814649439155e-05 5.958057919453995099e-01
