1.000000000000000000e+00 2.368829716035716047e-04 4.791874822531718703e-01
1.000000000000000000e+00 5.088838084192919076e-08 9.280836755469517229e-05
1.000000000000000000e+00 6.034394095488751671e-04 6.774801335832463245e-01
1.000000000000000000e+00 8.254814497237245147e-06 2.601289754510329594e-02
1.000000000000000000e+00 3.682879558273312033e-04 5.143939108015805894e-01
2.000000000000000000e+00 6.496382892614079203e-04 9.273697971144502228e-01
1.000000000000000000e+00 1.012031238941315994e-03 5.805324292733495817e-01
2.000000000000000000e+00 7.797967582354742712e-05 1.253533722931279015e-01
1.000000000000000000e+00 5.801839794958248603e-05 1.308915964818232469e-01
1.000000000000000000e+00 5.637543008924183726e-04 5.737688040972583892e-01
1.000000000000000000e+00 3.009058638690365463e-04 4.977115253548744511e-01
1.000000000000000000e+00 2.523307518545360863e-04 3.759088094708148420e-01
1.000000000000000000e+00 5.140817233824883500e-04 9.750610185259147578e-01
1.000000000000000000e+00 2.166476194995295434e-04 8.484542030815274138e-01
2.000000000000000000e+00 7.070359644005646789e-04 7.477183656216023211e-01
1.000000000000000000e+00 2.987794631690250655e-05 7.757948088361861505e-02
1.000000000000000000e+00 9.742689486510612736e-05 2.077352301760749809e-01
1.000000000000000000e+00 4.600511500661353574e-04 6.079589132043521360e-01
1.000000000000000000e+00 2.776641374575390678e-05 9.583277150309152947e-01
1.000000000000000000e+00 4.440731882375980504e-04 9.369451748297594751e-01
2.000000000000000000e+00 4.475458063656081005e-06 3.744963401367210759e-02
2.000000000000000000e+00 9.235569537581453966e-05 7.215312708505439154e-01
2.000000000000000000e+00 1.190004662301000751e-05 1.743558785230174824e-01
2.000000000000000000e+00 8.246651632666580255e-06 1.252914972593253407e-01
2.000000000000000000e+00 1.038043012897551094e-07 1.980105835290271103e-04
2.000000000000000000e+00 3.722593129133619982e-06 4.326224462897196310e-02
1.000000000000000000e+00 7.429381965723784453e-04 9.424349561613271087e-01
1.000000000000000000e+00 7.214119113446063698e-04 9.189923694890862471e-01
1.000000000000000000e+00 1.274050879373131266e-03 7.973366369250717289e-01
1.000000000000000000e+00 7.871671594949547534e-04 8.377090186996052346e-01
1.000000000000000000e+00 2.351755820903250009e-05 3.602276353470723613e-02
1.000000000000000000e+00 8.586721199233331939e-04 6.117553527720380746e-01
1.000000000000000000e+00 2.249431959873460533e-04 7.070868156288742101e-01
1.000000000000000000e+00 6.903216827318168342e-05 4.059525758090234415e-01
1.000000000000000000e+00 6.767797117197005556e-05 4.810489067067196256e-01
1.000000000000000000e+00 9.641807285753256886e-06 8.991629975110840278e-02
1.000000000000000000e+00 5.033199865069406070e-06 1.912556730240637728e-02
1.000000000000000000e+00 2.676250607143970380e-05 1.108293085028119324e-01
1.000000000000000000e+00 8.967717636549786455e-04 6.237918614581032806e-01
1.000000000000000000e+00 2.593578057854429718e-04 3.216505818070128364e-01
2.000000000000000000e+00 3.882362878598520788e-06 2.961720788963960738e-01
1.000000000000000000e+00 2.970846106314358408e-05 1.100007080577493634e-01
1.000000000000000000e+00 9.781057914506555021e-05 1.968520779539185694e-01
1.000000000000000000e+00 1.937798861047077730e-04 2.423406056496395788e-01
1.000000000000000000e+00 2.875266859797898154e-04 8.763310732097414624e-01
1.000000000000000000e+00 3.336973719344851503e-04 8.971270173668526304e-01
1.000000000000000000e+00 1.431325655247122621e-04 2.185433081460282367e-01
1.000000000000000000e+00 1.307084400305108278e-05 3.411022576130953721e-02
1.000000000000000000e+00 1.890791474059468937e-03 9.495843306154969632e-01
2.000000000000000000e+00 2.253066167674068755e-05 3.200854453138701761e-01
1.000000000000000000e+00 2.744472252309763968e-05 2.835135515509156767e-01
2.000000000000000000e+00 4.962837718630599905e-06 7.442222008065997596e-02
1.000000000000000000e+00 5.710381085802574189e-05 2.667398818047516662e-01
2.000000000000000000e+00 6.470971197799487276e-06 2.202461052499166128e-01
1.000000000000000000e+00 6.590107016632222017e-05 4.515710088133287337e-01
