1.000000000000000000e+00 3.181920825552454822e-04 7.369014037414323148e-01
1.000000000000000000e+00 1.128030230534952509e-07 2.254081719246536796e-04
1.000000000000000000e+00 5.168496841281098458e-04 7.185868640278482156e-01
1.000000000000000000e+00 1.302998478653069182e-05 4.343241228357697103e-02
1.000000000000000000e+00 3.798225425282063705e-04 5.321446470116265592e-01
2.000000000000000000e+00 5.619668194804830442e-04 8.745547568810749794e-01
1.000000000000000000e+00 6.751200191732661384e-04 4.667530448799733778e-01
2.000000000000000000e+00 1.398218722395446856e-04 2.663586419540463490e-01
1.000000000000000000e+00 4.460766179136370899e-05 9.325947750597972374e-02
1.000000000000000000e+00 2.888009462702217120e-04 4.531809461030426034e-01
1.000000000000000000e+00 3.257939739076304883e-04 6.212737232846545776e-01
1.000000000000000000e+00 3.405384141882424444e-04 5.429662995166926187e-01
1.000000000000000000e+00 2.570198867850308645e-04 8.460112867491712541e-01
1.000000000000000000e+00 1.099325738680622186e-04 9.100431708090219729e-01
2.000000000000000000e+00 7.977952297127670518e-04 8.026036515483637723e-01
1.000000000000000000e+00 3.157889768881527877e-05 8.700588344802687168e-02
1.000000000000000000e+00 1.457707867519032990e-04 3.904502727529327033e-01
1.000000000000000000e+00 3.075436320146579679e-04 5.999632099137961472e-01
1.000000000000000000e+00 2.230953769718643055e-05 9.515682834672131163e-01
1.000000000000000000e+00 2.713731295212400249e-04 9.624727819506628812e-01
2.000000000000000000e+00 3.818703914898335164e-06 3.423733901485270792e-02
2.000000000000000000e+00 8.539213206291495042e-05 7.542224039123028856e-01
2.000000000000000000e+00 2.092454720570686866e-05 3.156514057807972562e-01
2.000000000000000000e+00 1.393583604506588121e-05 2.375338984010186560e-01
2.000000000000000000e+00 3.692024343010601650e-07 8.334447743060672056e-04
2.000000000000000000e+00 5.888236149707690479e-06 9.678835038630326237e-02
1.000000000000000000e+00 4.672512743805679785e-04 9.741066125324482350e-01
1.000000000000000000e+00 3.436226104158438726e-04 8.844349093944530171e-01
1.000000000000000000e+00 1.453022007214286671e-03 9.141978984897526361e-01
1.000000000000000000e+00 7.441297859079843650e-04 8.783837315386460176e-01
1.000000000000000000e+00 3.518793448622477776e-05 6.575205705794723299e-02
1.000000000000000000e+00 1.030318157172326705e-03 6.673260035378700827e-01
1.000000000000000000e+00 1.807467367728137050e-04 6.887754468493816340e-01
1.000000000000000000e+00 7.557262487907045849e-05 6.732690931734853779e-01
1.000000000000000000e+00 7.471049967734216769e-05 6.606382884497058461e-01
1.000000000000000000e+00 8.980094875106596497e-06 6.527335572870440750e-02
1.000000000000000000e+00 6.147709851205277455e-06 2.267918889073742769e-02
1.000000000000000000e+00 6.167092980497209515e-05 2.926007993329038936e-01
1.000000000000000000e+00 8.719380743891585149e-04 6.479198616715868830e-01
1.000000000000000000e+00 2.398520864557091893e-04 2.613078827809254823e-01
2.000000000000000000e+00 2.689683929590454273e-06 2.723255717116482288e-01
1.000000000000000000e+00 3.611383511985661433e-05 1.405436910156674934e-01
1.000000000000000000e+00 1.069238374543790429e-04 2.956957407328858478e-01
1.000000000000000000e+00 1.974952671274092823e-04 3.583333284418903641e-01
1.000000000000000000e+00 2.327959727075668873e-04 9.339624662744172578e-01
1.000000000000000000e+00 1.615987161032548397e-04 9.636174827739929505e-01
1.000000000000000000e+00 1.477703165785684847e-04 2.430983291309199990e-01
1.000000000000000000e+00 1.978235957077180985e-05 4.907086848327051054e-02
1.000000000000000000e+00 1.705141631268663072e-03 9.624737539252856688e-01
2.000000000000000000e+00 2.143865690245062489e-05 2.596617217134393196e-01
1.000000000000000000e+00 3.775784161456467193e-05 4.696777550108664490e-01
2.000000000000000000e+00 1.005763195731130054e-05 1.787124587201238402e-01
1.000000000000000000e+00 7.626328024838329508e-05 3.787623731192037435e-01
2.000000000000000000e+00 1.702159559126845481e-05 7.895647555418682240e-01
1.000000000000000000e+00 6.421244449805648671e-05 5.695936159673803401e-01
