1.000000000000000000e+00 2.378271726553314635e-04 4.844341320290815323e-01
1.000000000000000000e+00 4.422234128449152997e-08 7.718350286240943724e-05
1.000000000000000000e+00 5.671255135012711560e-04 7.210153569377533156e-01
1.000000000000000000e+00 8.340944561733926326e-06 2.735026303976779982e-02
1.000000000000000000e+00 3.978544565000434441e-04 5.865555868821286101e-01
2.000000000000000000e+00 6.162316713938897732e-04 9.195373856192513573e-01
1.000000000000000000e+00 7.793691944069998552e-04 5.254986175801042991e-01
2.000000000000000000e+00 7.891569320668699789e-05 1.313810345723205875e-01
1.000000000000000000e+00 6.483211754383523919e-05 1.438584942537768918e-01
1.000000000000000000e+00 5.157999188634934846e-04 6.407914511406737068e-01
1.000000000000000000e+00 2.952849684147377651e-04 5.560277686134414976e-01
1.000000000000000000e+00 2.762903330489786401e-04 4.334192677608772470e-01
1.000000000000000000e+00 3.791747178425878065e-04 9.164947422530642651e-01
1.000000000000000000e+00 1.655488989834113481e-04 8.815134235574778598e-01
2.000000000000000000e+00 8.887724412733146763e-04 7.745604863469019996e-01
1.000000000000000000e+00 3.176757927671532307e-05 1.012388721352866783e-01
1.000000000000000000e+00 1.182974008592923838e-04 2.648570170256732692e-01
1.000000000000000000e+00 4.125020437929126306e-04 6.449594024119591484e-01
1.000000000000000000e+00 2.244315364902908924e-05 9.693484614095938534e-01
1.000000000000000000e+00 3.688170831411365699e-04 9.514000025221024393e-01
2.000000000000000000e+00 3.779478668561145879e-06 2.730760398024032962e-02
2.000000000000000000e+00 9.317011783243742855e-05 7.579188258740605644e-01
2.000000000000000000e+00 9.946246082932174831e-06 1.419375454418787541e-01
2.000000000000000000e+00 1.020893958529204480e-05 1.574659183006640872e-01
2.000000000000000000e+00 9.135864415851734236e-08 1.731069869106515282e-04
2.000000000000000000e+00 3.641302605913545576e-06 3.286052614220234119e-02
1.000000000000000000e+00 6.388197642274953030e-04 9.548328148293667716e-01
1.000000000000000000e+00 6.135987694068982491e-04 9.238489653937439483e-01
1.000000000000000000e+00 1.147368699870925275e-03 7.589935362241289063e-01
1.000000000000000000e+00 7.353211027360497453e-04 8.262760407529344819e-01
1.000000000000000000e+00 2.824170355836276276e-05 4.784488473330086866e-02
1.000000000000000000e+00 8.260372433416237128e-04 5.837655101518367529e-01
1.000000000000000000e+00 1.895417193043066493e-04 6.953623430423522267e-01
1.000000000000000000e+00 7.640765287986959467e-05 5.155404965813726870e-01
1.000000000000000000e+00 7.344610497802532437e-05 6.002324158854955849e-01
1.000000000000000000e+00 1.640628989144559080e-05 1.550426721461956037e-01
1.000000000000000000e+00 5.982250130960168205e-06 2.204846054996171742e-02
1.000000000000000000e+00 3.246587655151271122e-05 1.607583088198130117e-01
1.000000000000000000e+00 8.825693143406132578e-04 6.095392742143814768e-01
1.000000000000000000e+00 3.107662437875554902e-04 4.305403526470839570e-01
2.000000000000000000e+00 3.745146029306077834e-06 3.190965038136482357e-01
1.000000000000000000e+00 4.024770840477543543e-05 1.706426494897595458e-01
1.000000000000000000e+00 1.025335162196992051e-04 2.250630972161665744e-01
1.000000000000000000e+00 1.888494737487183086e-04 2.605073423108605901e-01
1.000000000000000000e+00 2.180547256692095875e-04 7.573190514366120452e-01
1.000000000000000000e+00 2.401929921254533455e-04 9.263447215663048739e-01
1.000000000000000000e+00 1.448993010890695663e-04 2.252867868532593409e-01
1.000000000000000000e+00 1.644231717579807639e-05 4.447445952709812994e-02
1.000000000000000000e+00 1.798275200254755707e-03 9.637138452471835093e-01
2.000000000000000000e+00 1.808147175486169873e-05 2.714327920613455181e-01
1.000000000000000000e+00 2.750999404982760704e-05 2.930274616334591076e-01
2.000000000000000000e+00 5.863289165848148301e-06 9.302407782421483196e-02
1.000000000000000000e+00 7.120229169470139311e-05 3.276886818842050797e-01
2.000000000000000000e+00 7.789685485556781762e-06 3.294813024948144431e-01
1.000000000000000000e+00 7.655636067955388121e-05 5.500851003261357786e-01
