1.000000000000000000e+00 2.479460809113604304e-04 5.002087951994917958e-01
1.000000000000000000e+00 6.326797880357966149e-08 1.051113666419169310e-04
1.000000000000000000e+00 5.785805489243397732e-04 7.055557238962077982e-01
1.000000000000000000e+00 8.554544791955379855e-06 2.785777602346986223e-02
1.000000000000000000e+00 3.844822320746385958e-04 5.587986194941286788e-01
2.000000000000000000e+00 6.141074952631330429e-04 9.296763447934431879e-01
1.000000000000000000e+00 8.269163697051288382e-04 5.341175018656759699e-01
2.000000000000000000e+00 7.844943269565124834e-05 1.299483642689532870e-01
1.000000000000000000e+00 5.946233222079389208e-05 1.279651736762839331e-01
1.000000000000000000e+00 5.332762300660839764e-04 6.116231393169351271e-01
1.000000000000000000e+00 3.099089228899713278e-04 5.487437788923184012e-01
1.000000000000000000e+00 2.686295280830726514e-04 4.120162240378658081e-01
1.000000000000000000e+00 4.231436865168350901e-04 9.555519330992005012e-01
1.000000000000000000e+00 1.849375764986810225e-04 8.696020013455257880e-01
2.000000000000000000e+00 8.576445303827528706e-04 7.745757101147956458e-01
1.000000000000000000e+00 3.127683429042894743e-05 9.253734921166015259e-02
1.000000000000000000e+00 1.087959957225181548e-04 2.405774948850939454e-01
1.000000000000000000e+00 3.990127546056813478e-04 6.333363354822357794e-01
1.000000000000000000e+00 2.438491099101258166e-05 9.648340883415238434e-01
1.000000000000000000e+00 3.987433089633640759e-04 9.454663499854224495e-01
2.000000000000000000e+00 3.845657245872345784e-06 2.761135960402607420e-02
2.000000000000000000e+00 9.565680051837712524e-05 7.579878011412405359e-01
2.000000000000000000e+00 9.993827664249318549e-06 1.371684383678436203e-01
2.000000000000000000e+00 9.277975329587726216e-06 1.446962004094902166e-01
2.000000000000000000e+00 9.348422825711638634e-08 1.759659629360059300e-04
2.000000000000000000e+00 3.621254535247291154e-06 3.475301740477500928e-02
1.000000000000000000e+00 6.777471531440250503e-04 9.506218328964342046e-01
1.000000000000000000e+00 6.476579666444888961e-04 9.229008269041251156e-01
1.000000000000000000e+00 1.248122887383934943e-03 7.610702089700163153e-01
1.000000000000000000e+00 7.781322059168156724e-04 8.373386425847896275e-01
1.000000000000000000e+00 2.690004757016898511e-05 4.446408052567357716e-02
1.000000000000000000e+00 7.734647439173888105e-04 5.710035835562911055e-01
1.000000000000000000e+00 2.005250709235652609e-04 6.969837566428932485e-01
1.000000000000000000e+00 7.361051504841373044e-05 4.683430516405919231e-01
1.000000000000000000e+00 7.179461678621896570e-05 5.538453970288161887e-01
1.000000000000000000e+00 1.406320278301874560e-05 1.376068637309767750e-01
1.000000000000000000e+00 5.638669037974150702e-06 2.104398035425276287e-02
1.000000000000000000e+00 3.020100327590125947e-05 1.398814145381353791e-01
1.000000000000000000e+00 8.845416827254913485e-04 6.169433957033649829e-01
1.000000000000000000e+00 3.310010196180016516e-04 4.278672309471134305e-01
2.000000000000000000e+00 3.757964365059889538e-06 3.247456994295485622e-01
1.000000000000000000e+00 3.598517921294872962e-05 1.461549167447938335e-01
1.000000000000000000e+00 9.997260286582866705e-05 2.117858479823960527e-01
1.000000000000000000e+00 1.922588881945280727e-04 2.556051958956203074e-01
1.000000000000000000e+00 2.476499191818470240e-04 8.486945609581457717e-01
1.000000000000000000e+00 2.696465693587479871e-04 9.192766257087785498e-01
1.000000000000000000e+00 1.375529616463085233e-04 2.115121771099468528e-01
1.000000000000000000e+00 1.458541808302847872e-05 3.855693753690887793e-02
1.000000000000000000e+00 1.835101931970689430e-03 9.597408514397725021e-01
2.000000000000000000e+00 2.059454956336684937e-05 3.062675748843668444e-01
1.000000000000000000e+00 2.772005858652922561e-05 2.922376317329115070e-01
2.000000000000000000e+00 5.392912691939903382e-06 8.310681502012869093e-02
1.000000000000000000e+00 6.609049095544816991e-05 3.086083502221066976e-01
2.000000000000000000e+00 7.889041286103115494e-06 3.213850830543367731e-01
1.000000000000000000e+00 7.352729126893520228e-05 5.191504095970045363e-01
