1.000000000000000000e+00 2.672204890154285532e-04 5.445452962209146319e-01
1.000000000000000000e+00 7.668073854081719546e-08 1.467692766928530544e-04
1.000000000000000000e+00 5.880220469912054168e-04 6.897230181242836045e-01
1.000000000000000000e+00 8.779318655187943449e-06 2.805610133522209657e-02
1.000000000000000000e+00 3.678337297867775315e-04 5.254784407794108603e-01
2.000000000000000000e+00 6.205127404077157537e-04 9.169760522090170118e-01
1.000000000000000000e+00 9.453749553023514576e-04 5.658152728917568153e-01
2.000000000000000000e+00 8.162574374753048712e-05 1.345606807892618662e-01
1.000000000000000000e+00 5.339597142431711869e-05 1.144070188391395765e-01
1.000000000000000000e+00 5.202069180979254290e-04 6.062295965865485137e-01
1.000000000000000000e+00 3.013706726296673196e-04 5.204605558411723454e-01
1.000000000000000000e+00 2.661015803342213037e-04 3.990837312405399739e-01
1.000000000000000000e+00 4.453406519251783529e-04 9.715522182890173886e-01
1.000000000000000000e+00 2.001390323912731516e-04 8.598664556262544112e-01
2.000000000000000000e+00 7.243631243214264208e-04 7.714396607158220398e-01
1.000000000000000000e+00 3.029992341630315185e-05 7.995384677563123488e-02
1.000000000000000000e+00 1.038284966275334183e-04 2.350890869971363484e-01
1.000000000000000000e+00 4.047507351303234217e-04 6.129019505601153162e-01
1.000000000000000000e+00 2.663069856860012934e-05 9.596299661589910990e-01
1.000000000000000000e+00 4.237380401879067143e-04 9.403969847476696398e-01
2.000000000000000000e+00 4.157161708055511355e-06 3.192890689366269935e-02
2.000000000000000000e+00 9.062651707497755766e-05 7.316990839052435192e-01
2.000000000000000000e+00 1.391865431147590228e-05 2.069639918951518831e-01
2.000000000000000000e+00 1.029356022019102215e-05 1.740807938616802664e-01
2.000000000000000000e+00 1.005022009469403575e-07 1.911817537970841982e-04
2.000000000000000000e+00 4.024111191283461884e-06 5.185286451098850002e-02
1.000000000000000000e+00 7.096708764882352083e-04 9.464397062561987761e-01
1.000000000000000000e+00 6.640099056229441677e-04 9.278352028604734958e-01
1.000000000000000000e+00 1.318581513060209862e-03 8.109073375109852044e-01
1.000000000000000000e+00 7.972851045810364383e-04 8.512377238075861108e-01
1.000000000000000000e+00 2.538945746892046568e-05 4.047950113470991096e-02
1.000000000000000000e+00 9.319290112632040886e-04 6.445103643501226554e-01
1.000000000000000000e+00 1.939744434275436494e-04 6.780579504299631965e-01
1.000000000000000000e+00 7.056518540787080494e-05 4.323659172125100536e-01
1.000000000000000000e+00 6.940676520865419162e-05 5.106988583942543292e-01
1.000000000000000000e+00 1.010810767969155439e-05 9.654812003861196201e-02
1.000000000000000000e+00 5.256547263131973253e-06 1.979866873577167813e-02
1.000000000000000000e+00 3.044192709004790446e-05 1.332468372935508016e-01
1.000000000000000000e+00 8.887712312509206533e-04 6.279888607266376210e-01
1.000000000000000000e+00 2.735278658833103908e-04 3.400331264010102994e-01
2.000000000000000000e+00 3.550035068945695391e-06 3.364461048949085598e-01
1.000000000000000000e+00 3.157264391701827290e-05 1.229914225321135923e-01
1.000000000000000000e+00 9.825288817955118081e-05 2.026984333577040165e-01
1.000000000000000000e+00 1.939914028983380305e-04 2.556529398956299826e-01
1.000000000000000000e+00 2.743808919904475001e-04 8.848793445163788407e-01
1.000000000000000000e+00 2.957027237880100585e-04 9.129146774378487095e-01
1.000000000000000000e+00 1.458016062671488517e-04 2.253144130932527023e-01
1.000000000000000000e+00 1.367989984992166827e-05 3.551248119826587446e-02
1.000000000000000000e+00 1.867839103585405705e-03 9.515362863412235583e-01
2.000000000000000000e+00 2.182384557149627955e-05 3.035130591036794279e-01
1.000000000000000000e+00 3.173303116267694730e-05 3.613968222279407283e-01
2.000000000000000000e+00 6.159536617012126350e-06 9.677125658218682647e-02
1.000000000000000000e+00 6.621114662321692492e-05 3.074830618371249269e-01
2.000000000000000000e+00 9.833551158298304071e-06 4.002346618470635775e-01
1.000000000000000000e+00 6.611388111012773950e-05 4.803263080097431303e-01
