1.000000000000000000e+00 2.247922797645596346e-04 4.632697305149263700e-01
1.000000000000000000e+00 2.655446105886016280e-08 4.781104697707739317e-05
1.000000000000000000e+00 5.764067204365384530e-04 7.146688705036269296e-01
1.000000000000000000e+00 7.383998589800975334e-06 2.407373299631182170e-02
1.000000000000000000e+00 3.750651267242216666e-04 5.844754979641526571e-01
2.000000000000000000e+00 6.720174663336641891e-04 9.237128355042210082e-01
1.000000000000000000e+00 1.074052216441320198e-03 6.507447243906495649e-01
2.000000000000000000e+00 8.110264648102573240e-05 1.278335667987920699e-01
1.000000000000000000e+00 7.835188535811831681e-05 2.069478540472974581e-01
1.000000000000000000e+00 4.913332814826280523e-04 6.652474322682695451e-01
1.000000000000000000e+00 2.877560550244293090e-04 5.253222016250030935e-01
1.000000000000000000e+00 2.660779262741839622e-04 4.072795853056935811e-01
1.000000000000000000e+00 3.795638993051555967e-04 8.825903565318907740e-01
1.000000000000000000e+00 1.828026913402097458e-04 8.736542137292542254e-01
2.000000000000000000e+00 4.539423763188016260e-04 8.034236029196358819e-01
1.000000000000000000e+00 3.210633936455083870e-05 1.016356783690951088e-01
1.000000000000000000e+00 9.920271190327201302e-05 2.246322576398128990e-01
1.000000000000000000e+00 6.092503124111501005e-04 5.627537149348152967e-01
1.000000000000000000e+00 2.153232636046070332e-05 9.709891303077839986e-01
1.000000000000000000e+00 3.511014617797009966e-04 9.532444183438302243e-01
2.000000000000000000e+00 4.985613704975486251e-06 4.435549579013178118e-02
2.000000000000000000e+00 8.952985343355288864e-05 6.612944906430546776e-01
2.000000000000000000e+00 1.503979394493378822e-05 2.070509779271091366e-01
2.000000000000000000e+00 5.238519096224258467e-06 6.912840933863545478e-02
2.000000000000000000e+00 9.945637912196983178e-08 1.892668785182140408e-04
2.000000000000000000e+00 4.115660230478822838e-06 4.017858727548519887e-02
1.000000000000000000e+00 6.762309958379902983e-04 9.529591090384167407e-01
1.000000000000000000e+00 7.566882408401271820e-04 9.021604856303723219e-01
1.000000000000000000e+00 1.177086630611618844e-03 8.387264825329601159e-01
1.000000000000000000e+00 8.572785692114730412e-04 7.944699965728625468e-01
1.000000000000000000e+00 2.659913818999987616e-05 3.817074607706937711e-02
1.000000000000000000e+00 8.596206187214506600e-04 5.813783359519398841e-01
1.000000000000000000e+00 2.988952082094335034e-04 6.797050996274124346e-01
1.000000000000000000e+00 7.862936104598826782e-05 5.334500177475391958e-01
1.000000000000000000e+00 7.458216271605968661e-05 5.900738850365856436e-01
1.000000000000000000e+00 1.365674150132895681e-05 1.125810781970414814e-01
1.000000000000000000e+00 6.246192766644103154e-06 2.384827780883993706e-02
1.000000000000000000e+00 3.574122622961123196e-05 1.726281964071982866e-01
1.000000000000000000e+00 8.665954956495554220e-04 6.573844147874359223e-01
1.000000000000000000e+00 2.685832174620347889e-04 3.184524551269887205e-01
2.000000000000000000e+00 4.765524529714180790e-06 3.407858101907125237e-01
1.000000000000000000e+00 4.580460307018781991e-05 1.923043635036751076e-01
1.000000000000000000e+00 1.024314250404723912e-04 2.238509881866159457e-01
1.000000000000000000e+00 1.849616222348454697e-04 2.492322301459651834e-01
1.000000000000000000e+00 1.876419775457186629e-04 6.498205831461827398e-01
1.000000000000000000e+00 2.699880208126418431e-04 9.235421516342390280e-01
1.000000000000000000e+00 1.946006064343688271e-04 3.300536720537384783e-01
1.000000000000000000e+00 1.747676270307380031e-05 4.716539364080443719e-02
1.000000000000000000e+00 1.827883103845100469e-03 9.662842676877470005e-01
2.000000000000000000e+00 2.313028067850907767e-05 3.190262906374325969e-01
1.000000000000000000e+00 2.292146160891490010e-05 2.014057224576336347e-01
2.000000000000000000e+00 6.085157051201774199e-06 8.599943899791798185e-02
1.000000000000000000e+00 5.123301265395022337e-05 2.416291490932280794e-01
2.000000000000000000e+00 4.541840567428232498e-06 9.349219387126937730e-02
1.000000000000000000e+00 6.400564101752804721e-05 4.828526073790783690e-01
