1.000000000000000000e+00 2.199542905186817722e-04 4.464128252247399620e-01
1.000000000000000000e+00 5.767061270934628199e-08 8.303583301399608681e-05
1.000000000000000000e+00 6.106639618203860359e-04 6.681498880305068999e-01
1.000000000000000000e+00 8.077461372933980260e-06 2.488151393715420587e-02
1.000000000000000000e+00 3.506929080805941683e-04 4.762464223221585247e-01
2.000000000000000000e+00 7.319257965465555179e-04 8.476526504821529917e-01
1.000000000000000000e+00 1.140435926259383186e-03 6.083941465998543574e-01
2.000000000000000000e+00 7.487836603319042179e-05 1.158170344387426526e-01
1.000000000000000000e+00 4.981013134279093117e-05 1.142398968636658269e-01
1.000000000000000000e+00 5.687694309884252890e-04 5.731748239823064583e-01
1.000000000000000000e+00 2.954706756589598675e-04 4.726301578561244998e-01
1.000000000000000000e+00 2.389994170388473236e-04 3.471242070279674796e-01
1.000000000000000000e+00 5.425829819197973197e-04 9.733727382623512669e-01
1.000000000000000000e+00 2.361076915234446212e-04 8.348373198319075650e-01
2.000000000000000000e+00 6.053493112735021256e-04 7.012451819677902876e-01
1.000000000000000000e+00 2.920567651355962830e-05 7.433122750644716170e-02
1.000000000000000000e+00 9.186319062167233465e-05 1.927529330525324658e-01
1.000000000000000000e+00 5.872341616644413372e-04 6.248226452289846744e-01
1.000000000000000000e+00 2.775075460706388121e-05 9.572530563028792683e-01
1.000000000000000000e+00 4.487949288230197171e-04 9.361088789246152508e-01
2.000000000000000000e+00 4.888476257017270609e-06 5.783496182901076005e-02
2.000000000000000000e+00 8.782447489941131802e-05 6.609346887410607607e-01
2.000000000000000000e+00 2.014129728088526468e-05 1.816979976239129213e-01
2.000000000000000000e+00 6.176094984770350688e-06 7.046075150099316564e-02
2.000000000000000000e+00 1.106602604062001454e-07 2.150703918558207806e-04
2.000000000000000000e+00 4.044595057138982393e-06 5.292211605440634570e-02
1.000000000000000000e+00 7.668403679305601205e-04 9.403714226751862526e-01
1.000000000000000000e+00 7.756786515385217249e-04 9.117977017962368702e-01
1.000000000000000000e+00 1.275770949188098635e-03 8.197149615029574177e-01
1.000000000000000000e+00 7.921218237584933984e-04 8.075686552430978438e-01
1.000000000000000000e+00 2.224815280046010127e-05 3.154163575480541798e-02
1.000000000000000000e+00 1.023821267135628568e-03 6.980669938028448707e-01
1.000000000000000000e+00 2.917621466002691855e-04 6.841699956824944806e-01
1.000000000000000000e+00 6.942878725182110580e-05 3.964861988486030886e-01
1.000000000000000000e+00 6.714586934692811249e-05 4.532570195953323777e-01
1.000000000000000000e+00 5.480367961676930315e-06 5.121386762523319480e-02
1.000000000000000000e+00 5.043423793785702767e-06 1.938874905444267285e-02
1.000000000000000000e+00 2.573393754773929559e-05 1.019938274476880763e-01
1.000000000000000000e+00 9.072071245775891737e-04 6.186953914029591495e-01
1.000000000000000000e+00 2.214018850496300499e-04 2.779435966540272918e-01
2.000000000000000000e+00 4.289222541984777315e-06 2.652626720897265922e-01
1.000000000000000000e+00 2.580153320306815022e-05 8.529268037761988941e-02
1.000000000000000000e+00 9.664060974801260253e-05 1.882779495963106120e-01
1.000000000000000000e+00 1.939274221628148939e-04 2.297344728811709091e-01
1.000000000000000000e+00 2.882531320268178973e-04 8.711582355085254470e-01
1.000000000000000000e+00 3.835231789654163057e-04 8.943507489835782476e-01
1.000000000000000000e+00 1.578472864429158497e-04 2.375085005420282669e-01
1.000000000000000000e+00 1.294860846402520621e-05 3.334793938515435291e-02
1.000000000000000000e+00 1.940860467059788829e-03 9.484694725558464601e-01
2.000000000000000000e+00 2.853873065953631285e-05 3.575453299702220367e-01
1.000000000000000000e+00 2.573235884675259926e-05 2.451337241977082082e-01
2.000000000000000000e+00 3.439717889322899823e-06 4.484333598030572354e-02
1.000000000000000000e+00 4.621802175761836830e-05 2.087287546646333647e-01
2.000000000000000000e+00 4.369800243679661144e-06 9.323523402198907739e-02
1.000000000000000000e+00 6.107856390523572568e-05 4.041930361658023774e-01
