1.000000000000000000e+00 2.157672142858218167e-04 4.497283278111490201e-01
1.000000000000000000e+00 3.154996796364122092e-08 5.749612470260882102e-05
1.000000000000000000e+00 5.667676897795890546e-04 7.037277534479129404e-01
1.000000000000000000e+00 7.610838750754410108e-06 2.469672061164220750e-02
1.000000000000000000e+00 3.622943093309924454e-04 5.893650674199283346e-01
2.000000000000000000e+00 6.387170940523737624e-04 8.915021743994971937e-01
1.000000000000000000e+00 1.087216752732840259e-03 6.427338005577767355e-01
2.000000000000000000e+00 7.770602577867414878e-05 1.216224993417697048e-01
1.000000000000000000e+00 7.365129887022761493e-05 1.913337968163743574e-01
1.000000000000000000e+00 5.054324352138993108e-04 6.517706538424391516e-01
1.000000000000000000e+00 2.881334738909281136e-04 5.092752374843474428e-01
1.000000000000000000e+00 2.472218497836380395e-04 3.787600728796337024e-01
1.000000000000000000e+00 4.014297290614464355e-04 9.105211117385747510e-01
1.000000000000000000e+00 1.975261693053500460e-04 8.637964057344516000e-01
2.000000000000000000e+00 4.892877073939551867e-04 7.812539098201165544e-01
1.000000000000000000e+00 3.153369454889467968e-05 9.919180651591225084e-02
1.000000000000000000e+00 9.741354283117014778e-05 2.167918262509117566e-01
1.000000000000000000e+00 6.269207629586423308e-04 5.874599915676473882e-01
1.000000000000000000e+00 2.234857382337781842e-05 9.685652038143879317e-01
1.000000000000000000e+00 3.699054249316655009e-04 9.500909234046636120e-01
2.000000000000000000e+00 5.083397420403863472e-06 4.840905220485156729e-02
2.000000000000000000e+00 9.201256228172768816e-05 6.635691928630849112e-01
2.000000000000000000e+00 1.626551010293668457e-05 2.067304619813745692e-01
2.000000000000000000e+00 5.307532579097350475e-06 7.080195454233312313e-02
2.000000000000000000e+00 1.014155489339166383e-07 1.936645373681011558e-04
2.000000000000000000e+00 3.962361395344162401e-06 3.754124073498262687e-02
1.000000000000000000e+00 6.960190142040089322e-04 9.507270277148470727e-01
1.000000000000000000e+00 7.668433834514568016e-04 9.022220360364526792e-01
1.000000000000000000e+00 1.195152768035637582e-03 8.346421506611354513e-01
1.000000000000000000e+00 8.528780181115712183e-04 7.933728617061969191e-01
1.000000000000000000e+00 2.483531316466669280e-05 3.569305317144815665e-02
1.000000000000000000e+00 1.029844117219123325e-03 6.942200043985109481e-01
1.000000000000000000e+00 3.049977281263328757e-04 6.698722714009313073e-01
1.000000000000000000e+00 7.726316277049343590e-05 5.043866832497446717e-01
1.000000000000000000e+00 7.399058330511663905e-05 5.610644256120775886e-01
1.000000000000000000e+00 1.327780099870564851e-05 1.064616382769627972e-01
1.000000000000000000e+00 6.079329805500544786e-06 2.310937262086531357e-02
1.000000000000000000e+00 3.360165333902591828e-05 1.558454847442366509e-01
1.000000000000000000e+00 8.725298013241517079e-04 6.479743176174759256e-01
1.000000000000000000e+00 2.600275858587570380e-04 3.101339062757305087e-01
2.000000000000000000e+00 4.788977492605556030e-06 3.117613853993584927e-01
1.000000000000000000e+00 4.209057454292811773e-05 1.678590157304852282e-01
1.000000000000000000e+00 1.015698398435381413e-04 2.127612084148519656e-01
1.000000000000000000e+00 1.885605480566974882e-04 2.478738308665414392e-01
1.000000000000000000e+00 2.047194901625002587e-04 6.802948424295865992e-01
1.000000000000000000e+00 2.866297981435371521e-04 9.191723469992990614e-01
1.000000000000000000e+00 1.883633420809464269e-04 3.128050779200610143e-01
1.000000000000000000e+00 1.658038115650103559e-05 4.445447152038231597e-02
1.000000000000000000e+00 1.860735943414082829e-03 9.633440317789982998e-01
2.000000000000000000e+00 2.443410512838013266e-05 3.254733245569647049e-01
1.000000000000000000e+00 2.433174478428174787e-05 2.284885099646556117e-01
2.000000000000000000e+00 5.192029106996228409e-06 6.794957067470858147e-02
1.000000000000000000e+00 5.888448370294365955e-05 2.792941993358739605e-01
2.000000000000000000e+00 4.499660454734287143e-06 8.899219724941945242e-02
1.000000000000000000e+00 6.559931372888510833e-05 4.709804177944472148e-01
