1.000000000000000000e+00 2.268699935159334896e-04 4.639474936923508874e-01
1.000000000000000000e+00 2.738747412057219979e-08 5.135247895264474869e-05
1.000000000000000000e+00 5.934000810385021930e-04 6.943544930003936466e-01
1.000000000000000000e+00 7.587025705957446995e-06 2.446015203797820281e-02
1.000000000000000000e+00 3.696100746420107595e-04 5.507211591295129161e-01
2.000000000000000000e+00 6.771520550740272454e-04 9.202324992669395076e-01
1.000000000000000000e+00 1.111439846130327785e-03 6.263815707422024648e-01
2.000000000000000000e+00 7.978004658286564222e-05 1.255462623716509796e-01
1.000000000000000000e+00 6.925459105137618846e-05 1.805126189889701971e-01
1.000000000000000000e+00 5.305302613488319845e-04 6.178165980385854628e-01
1.000000000000000000e+00 2.935935974022208243e-04 5.009151043118831304e-01
1.000000000000000000e+00 2.580374343944637282e-04 3.872036771436345171e-01
1.000000000000000000e+00 4.464447018263684478e-04 9.517979558158555786e-01
1.000000000000000000e+00 2.052495511003546002e-04 8.575805681164530014e-01
2.000000000000000000e+00 5.234353310237078397e-04 7.566607003288354782e-01
1.000000000000000000e+00 3.070969696246867505e-05 9.210267042423146699e-02
1.000000000000000000e+00 9.451710112269085841e-05 2.071182251929303275e-01
1.000000000000000000e+00 5.887118444683344613e-04 5.764212617737177746e-01
1.000000000000000000e+00 2.439377055002613120e-05 9.651273536162415789e-01
1.000000000000000000e+00 4.013304421863138046e-04 9.447893755875459432e-01
2.000000000000000000e+00 4.870234771431122410e-06 4.694221672113314814e-02
2.000000000000000000e+00 8.950251890919933961e-05 6.695880652655408216e-01
2.000000000000000000e+00 1.528972409045889307e-05 1.995529786119906723e-01
2.000000000000000000e+00 5.958914914365249420e-06 8.290408790582677601e-02
2.000000000000000000e+00 1.048802342366513426e-07 2.018142589440838157e-04
2.000000000000000000e+00 4.089511207541924137e-06 4.253746777432785425e-02
1.000000000000000000e+00 7.195901443379219180e-04 9.473503331891627299e-01
1.000000000000000000e+00 7.638773838901125610e-04 9.059732088000090888e-01
1.000000000000000000e+00 1.231096240738105115e-03 8.355783454169604108e-01
1.000000000000000000e+00 8.322301971348434893e-04 8.084068110112079264e-01
1.000000000000000000e+00 2.451786793018801913e-05 3.489532230322897610e-02
1.000000000000000000e+00 8.832527559335796820e-04 5.908103089767451355e-01
1.000000000000000000e+00 2.874383813677575182e-04 6.904528644972447449e-01
1.000000000000000000e+00 7.398754218230776611e-05 4.624710040186939541e-01
1.000000000000000000e+00 7.075281061989731378e-05 5.213336405594517498e-01
1.000000000000000000e+00 1.093147241111919813e-05 9.145355786641817808e-02
1.000000000000000000e+00 5.639998561314755293e-06 2.140715225990445086e-02
1.000000000000000000e+00 3.035678636439906149e-05 1.321059043139328759e-01
1.000000000000000000e+00 8.781983533608400021e-04 6.454920989439478785e-01
1.000000000000000000e+00 2.426160878170768214e-04 2.969501506338894092e-01
2.000000000000000000e+00 4.474143770061980184e-06 3.153646898469228965e-01
1.000000000000000000e+00 3.736127619363052412e-05 1.452475298142204274e-01
1.000000000000000000e+00 9.941853985155090271e-05 2.071513100792637674e-01
1.000000000000000000e+00 1.887202527212586563e-04 2.425906043904143550e-01
1.000000000000000000e+00 2.354901081085518518e-04 7.802360251198546814e-01
1.000000000000000000e+00 3.087558164591873346e-04 9.083354129224076035e-01
1.000000000000000000e+00 1.738075872304465318e-04 2.770870250599166695e-01
1.000000000000000000e+00 1.502386170719833315e-05 3.989120415418835608e-02
1.000000000000000000e+00 1.858059938603562724e-03 9.596795367869659366e-01
2.000000000000000000e+00 2.386933294848318400e-05 3.226123377446323826e-01
1.000000000000000000e+00 2.456574571956916342e-05 2.375455203365799406e-01
2.000000000000000000e+00 5.478673200666922333e-06 7.290613343959399806e-02
1.000000000000000000e+00 4.855151822493918094e-05 2.332375294014699951e-01
2.000000000000000000e+00 4.468510180224046726e-06 9.894132229209734453e-02
1.000000000000000000e+00 6.236845710885870924e-05 4.504939607615836006e-01
