1.000000000000000000e+00 2.261319830334364116e-04 4.638272726324451090e-01
1.000000000000000000e+00 2.734945893466605880e-08 5.317237428272731401e-05
1.000000000000000000e+00 5.893233248079876845e-04 6.965361168050975271e-01
1.000000000000000000e+00 7.767843077162419273e-06 2.504268609973267154e-02
1.000000000000000000e+00 3.710839040422732500e-04 5.506534906060743806e-01
2.000000000000000000e+00 6.595764707756006200e-04 9.070637839493662646e-01
1.000000000000000000e+00 1.111402762010493383e-03 6.263923109739509831e-01
2.000000000000000000e+00 7.940459952093861784e-05 1.249800652040353177e-01
1.000000000000000000e+00 6.808717658938622137e-05 1.790144230255045210e-01
1.000000000000000000e+00 5.309657283787132427e-04 6.170927178567305882e-01
1.000000000000000000e+00 2.903160360271321680e-04 5.045814684716243281e-01
1.000000000000000000e+00 2.609420301735221109e-04 3.963948409648164750e-01
1.000000000000000000e+00 4.439930535198774431e-04 9.521158299197153285e-01
1.000000000000000000e+00 1.995971015956085062e-04 8.619842559673729365e-01
2.000000000000000000e+00 5.177674281831818682e-04 7.582582211487923773e-01
1.000000000000000000e+00 3.080501011166175273e-05 9.261744574261514262e-02
1.000000000000000000e+00 9.736314372753269259e-05 2.116828644347979183e-01
1.000000000000000000e+00 5.974121516366399497e-04 6.041496898182866504e-01
1.000000000000000000e+00 2.433929449104111633e-05 9.653441134548853553e-01
1.000000000000000000e+00 4.009598851310473898e-04 9.451363478983016986e-01
2.000000000000000000e+00 4.761241706080620309e-06 4.238359479185222628e-02
2.000000000000000000e+00 9.231587961916225737e-05 6.960343482242703494e-01
2.000000000000000000e+00 1.310763656259175833e-05 1.833187282392930995e-01
2.000000000000000000e+00 8.529472276292337376e-06 1.297327073161645139e-01
2.000000000000000000e+00 1.048094651536202263e-07 2.014874619011380831e-04
2.000000000000000000e+00 4.076298591061081151e-06 4.069976399243516868e-02
1.000000000000000000e+00 7.154301754968304733e-04 9.475710603824212264e-01
1.000000000000000000e+00 7.488881250069862787e-04 9.084438463800057484e-01
1.000000000000000000e+00 1.218372045357868621e-03 8.341522693782591480e-01
1.000000000000000000e+00 8.055446177739739554e-04 8.171796663432673302e-01
1.000000000000000000e+00 2.451696936047503120e-05 3.599341060926946473e-02
1.000000000000000000e+00 9.453715692672134182e-04 6.006848592956344213e-01
1.000000000000000000e+00 2.750525583253233880e-04 6.979392637733115023e-01
1.000000000000000000e+00 7.367983264010543394e-05 4.640254081789376150e-01
1.000000000000000000e+00 7.164796719236292942e-05 5.345475252538161026e-01
1.000000000000000000e+00 1.267975519553756472e-05 1.098521501871743550e-01
1.000000000000000000e+00 5.650688828722755090e-06 2.124935328386356667e-02
1.000000000000000000e+00 3.130750952941051604e-05 1.377299976020337768e-01
1.000000000000000000e+00 8.785243548473715318e-04 6.440973581199603837e-01
1.000000000000000000e+00 2.429891490789374956e-04 3.015060782070404510e-01
2.000000000000000000e+00 4.293147749539047446e-06 3.112198033962692012e-01
1.000000000000000000e+00 3.696720912339567709e-05 1.461817888938592436e-01
1.000000000000000000e+00 1.000527153937354045e-04 2.101248378297824737e-01
1.000000000000000000e+00 1.898959521857938729e-04 2.477287606341256054e-01
1.000000000000000000e+00 2.349869250531307378e-04 7.857384570690615355e-01
1.000000000000000000e+00 2.983639966034586696e-04 9.089186872673455930e-01
1.000000000000000000e+00 1.629720979681424122e-04 2.555894943494232407e-01
1.000000000000000000e+00 1.520005946290044099e-05 4.058478851703011675e-02
1.000000000000000000e+00 1.856659568512908061e-03 9.590791952318797886e-01
2.000000000000000000e+00 2.168713811464371903e-05 2.927266570805220902e-01
1.000000000000000000e+00 2.485457294401180353e-05 2.435557683559841091e-01
2.000000000000000000e+00 6.186397037871587499e-06 9.354879520246331404e-02
1.000000000000000000e+00 4.990928905335528630e-05 2.563911012226974817e-01
2.000000000000000000e+00 4.415146321415362175e-06 9.671494497193272588e-02
1.000000000000000000e+00 6.263953693376266398e-05 4.605706917761701602e-01
