1.000000000000000000e+00 2.267768263948826584e-04 4.660671027577492631e-01
1.000000000000000000e+00 2.568040766049384560e-08 4.725090892968232981e-05
1.000000000000000000e+00 5.797871261115532856e-04 7.162354388994073284e-01
1.000000000000000000e+00 7.408333121734008309e-06 2.418473476114272810e-02
1.000000000000000000e+00 3.777738889454404004e-04 5.792675368195453478e-01
2.000000000000000000e+00 6.745480699683411999e-04 9.228799329774692861e-01
1.000000000000000000e+00 1.074052216441320198e-03 6.507447243906495649e-01
2.000000000000000000e+00 8.168716407009579922e-05 1.290489533139350664e-01
1.000000000000000000e+00 7.785039241071199244e-05 2.117460328405695591e-01
1.000000000000000000e+00 4.915741944521900744e-04 6.640937079946276356e-01
1.000000000000000000e+00 2.880566273562374020e-04 5.269952634525972845e-01
1.000000000000000000e+00 2.710285983299490979e-04 4.147126570215234342e-01
1.000000000000000000e+00 3.788911128743101199e-04 8.827985033687022476e-01
1.000000000000000000e+00 1.799198642296807220e-04 8.751537625961025579e-01
2.000000000000000000e+00 4.521249061124718214e-04 8.046367163920608023e-01
1.000000000000000000e+00 3.210713455119480753e-05 1.009724613249761566e-01
1.000000000000000000e+00 9.931003975622750815e-05 2.255423151444667651e-01
1.000000000000000000e+00 6.078005550868097705e-04 5.775287713423082891e-01
1.000000000000000000e+00 2.152920816436187029e-05 9.711227233316149787e-01
1.000000000000000000e+00 3.506085957064570646e-04 9.533181315020594626e-01
2.000000000000000000e+00 4.888207983352947516e-06 4.183162623950371223e-02
2.000000000000000000e+00 9.013525526760710451e-05 6.689606542304339376e-01
2.000000000000000000e+00 1.448925765710024164e-05 2.044875365951823176e-01
2.000000000000000000e+00 6.087152316978254616e-06 8.427219674103815505e-02
2.000000000000000000e+00 9.933721649710382487e-08 1.890401103788190602e-04
2.000000000000000000e+00 4.173775801765195540e-06 4.077914112005567859e-02
1.000000000000000000e+00 6.740302944627230269e-04 9.530363530393921589e-01
1.000000000000000000e+00 7.527406922544204598e-04 9.024015081267552363e-01
1.000000000000000000e+00 1.176955343098664642e-03 8.393011500072148356e-01
1.000000000000000000e+00 8.501008256461801233e-04 7.971740554922370769e-01
1.000000000000000000e+00 2.695597826111999719e-05 3.855907980286866349e-02
1.000000000000000000e+00 8.489863427669512488e-04 5.644640647606685713e-01
1.000000000000000000e+00 2.912271488470389376e-04 6.841683962933109431e-01
1.000000000000000000e+00 7.853673377021586131e-05 5.351612495586978158e-01
1.000000000000000000e+00 7.417872027122384250e-05 5.921370495969645598e-01
1.000000000000000000e+00 1.423764759944600545e-05 1.189687770905255432e-01
1.000000000000000000e+00 6.246632491730664870e-06 2.379193655729426593e-02
1.000000000000000000e+00 3.631425977783234101e-05 1.757977011820909541e-01
1.000000000000000000e+00 8.662408217622757402e-04 6.580017364761923115e-01
1.000000000000000000e+00 2.690867405886687648e-04 3.203124163801807645e-01
2.000000000000000000e+00 4.693322353783557682e-06 3.458964073828650898e-01
1.000000000000000000e+00 4.579937961218403310e-05 1.935318504283825847e-01
1.000000000000000000e+00 1.026220919784367699e-04 2.258554199344430247e-01
1.000000000000000000e+00 1.849450467120475588e-04 2.500818167129782998e-01
1.000000000000000000e+00 1.871798969937357086e-04 6.522523318868775899e-01
1.000000000000000000e+00 2.672959227733493447e-04 9.242110787362811664e-01
1.000000000000000000e+00 1.939451019493572414e-04 3.286341022406458201e-01
1.000000000000000000e+00 1.757667464687296267e-05 4.753969273896205272e-02
1.000000000000000000e+00 1.823223569630358191e-03 9.663590147963344590e-01
2.000000000000000000e+00 2.258599658162030894e-05 3.158417625271247586e-01
1.000000000000000000e+00 2.325987564650819925e-05 2.002454521939384113e-01
2.000000000000000000e+00 6.096027131572553623e-06 8.840927669680734291e-02
1.000000000000000000e+00 5.081626057958335183e-05 2.451072217409261400e-01
2.000000000000000000e+00 4.573344292689107102e-06 9.524485644647504023e-02
1.000000000000000000e+00 6.369354234384733712e-05 4.861568382552099998e-01
