1.000000000000000000e+00 2.111482206540743088e-04 4.277730999921674493e-01
1.000000000000000000e+00 7.261653956906568162e-08 9.532622982849384380e-05
1.000000000000000000e+00 5.757278172248401528e-04 7.109075583535530152e-01
1.000000000000000000e+00 7.345317067781162557e-06 2.339120404925213240e-02
1.000000000000000000e+00 3.688650437107881489e-04 5.499489372274850574e-01
2.000000000000000000e+00 6.504638918245137565e-04 8.289965008003863378e-01
1.000000000000000000e+00 1.087404813926890444e-03 6.429001208639628651e-01
2.000000000000000000e+00 7.467137663201391042e-05 1.184646521991979534e-01
1.000000000000000000e+00 5.274149778355516138e-05 1.232745733278425154e-01
1.000000000000000000e+00 5.316395244406861738e-04 6.402044977452177044e-01
1.000000000000000000e+00 2.917987269163001707e-04 4.992935616289806977e-01
1.000000000000000000e+00 2.421656545148484843e-04 3.586883489654306700e-01
1.000000000000000000e+00 4.616569776327391532e-04 9.420919556355463742e-01
1.000000000000000000e+00 2.119862132196359300e-04 8.492569739209600010e-01
2.000000000000000000e+00 5.629657871891453717e-04 7.432260927055165389e-01
1.000000000000000000e+00 2.999236285620413591e-05 9.299127033600086689e-02
1.000000000000000000e+00 9.966172841019168129e-05 2.177270295909446984e-01
1.000000000000000000e+00 6.140041241926804706e-04 6.588943198136030244e-01
1.000000000000000000e+00 2.206599244181729123e-05 9.663859916399416550e-01
1.000000000000000000e+00 3.803313627931967714e-04 9.489875241317934362e-01
2.000000000000000000e+00 4.924307039256093880e-06 5.151277705527397555e-02
2.000000000000000000e+00 8.804247908676318939e-05 6.243491064391994971e-01
2.000000000000000000e+00 1.877579141921280705e-05 1.968894840678442892e-01
2.000000000000000000e+00 6.548256326310406044e-06 7.842433918325747433e-02
2.000000000000000000e+00 1.042077045699429144e-07 1.994683480408833941e-04
2.000000000000000000e+00 4.517330694283537180e-06 6.051982025291158251e-02
1.000000000000000000e+00 7.106083924794327940e-04 9.497648133119677150e-01
1.000000000000000000e+00 7.895232435599935537e-04 9.002632492747283388e-01
1.000000000000000000e+00 1.208381776363560371e-03 8.112057707021579356e-01
1.000000000000000000e+00 7.990601718566883683e-04 7.533325105397591370e-01
1.000000000000000000e+00 2.488200490621007832e-05 3.612774918533408208e-02
1.000000000000000000e+00 9.251356627258068479e-04 6.938038497531224813e-01
1.000000000000000000e+00 2.858918276394998800e-04 6.432134187949816173e-01
1.000000000000000000e+00 7.800938990183188147e-05 4.856451164958848210e-01
1.000000000000000000e+00 7.476568591444584014e-05 5.307959989512660570e-01
1.000000000000000000e+00 9.980885293153693631e-06 9.307167808965945144e-02
1.000000000000000000e+00 6.074737531440775117e-06 2.314549637228206433e-02
1.000000000000000000e+00 3.171368027440376317e-05 1.439123222912837008e-01
1.000000000000000000e+00 8.750558035808561706e-04 5.951656700295847591e-01
1.000000000000000000e+00 2.706931028088092276e-04 3.178779053228715235e-01
2.000000000000000000e+00 4.119399304661613112e-06 2.719380776848132064e-01
1.000000000000000000e+00 3.164579196623758446e-05 1.151867543018633699e-01
1.000000000000000000e+00 9.794166841313853473e-05 1.974630892697261664e-01
1.000000000000000000e+00 1.878612905996165775e-04 2.282115983376153401e-01
1.000000000000000000e+00 2.180709628822379226e-04 7.054621093396000742e-01
1.000000000000000000e+00 3.181118979533638369e-04 9.140469667204023096e-01
1.000000000000000000e+00 1.710595753432160116e-04 2.621670695176139265e-01
1.000000000000000000e+00 1.606066830255697988e-05 4.163048977166441955e-02
1.000000000000000000e+00 1.909193951993927050e-03 9.625739410752705005e-01
2.000000000000000000e+00 3.193751558897401060e-05 4.045554940964817270e-01
1.000000000000000000e+00 2.469040493746177566e-05 2.197151666116637647e-01
2.000000000000000000e+00 3.627701478042357233e-06 4.987551151580923992e-02
1.000000000000000000e+00 5.158635640225038088e-05 2.466190568186307497e-01
2.000000000000000000e+00 5.422939775507246703e-06 1.265311535903652362e-01
1.000000000000000000e+00 6.573598526228261482e-05 4.665886705191639172e-01
