1.000000000000000000e+00 2.442990892415601730e-04 6.166092926339366009e-01
1.000000000000000000e+00 6.309227611011779243e-08 1.259450161205785332e-04
1.000000000000000000e+00 5.756666834292810094e-04 6.586736362580501991e-01
1.000000000000000000e+00 1.044453501196270606e-05 3.453217074047276042e-02
1.000000000000000000e+00 4.088338039000345334e-04 4.609567641552920758e-01
2.000000000000000000e+00 6.360280430846309858e-04 9.346532565314930041e-01
1.000000000000000000e+00 9.379196285956853266e-04 5.766696527785271087e-01
2.000000000000000000e+00 1.357688925458781673e-04 2.508190039825112239e-01
1.000000000000000000e+00 5.182972108374832971e-05 1.243716149629916223e-01
1.000000000000000000e+00 3.039893806545782310e-04 4.868828805762469569e-01
1.000000000000000000e+00 3.475679210175194270e-04 6.570334043285338543e-01
1.000000000000000000e+00 3.041541438402477118e-04 4.892398457871730555e-01
1.000000000000000000e+00 3.804183879294527641e-04 9.898342758038878308e-01
1.000000000000000000e+00 1.483623465833651162e-04 8.894212896297939430e-01
2.000000000000000000e+00 7.446986846224232237e-04 7.446773509477837560e-01
1.000000000000000000e+00 3.299194992484821653e-05 8.879842477387225874e-02
1.000000000000000000e+00 1.207462403776916546e-04 3.099982666247674268e-01
1.000000000000000000e+00 3.997721554377614648e-04 6.285716456327811175e-01
1.000000000000000000e+00 2.516882587548094558e-05 9.376082946393198281e-01
1.000000000000000000e+00 3.497077558039360292e-04 9.523537668707019455e-01
2.000000000000000000e+00 3.940592035378926145e-06 3.158555092300827094e-02
2.000000000000000000e+00 8.137171268709938966e-05 7.735811535361203362e-01
2.000000000000000000e+00 2.610541033457609969e-05 3.221220188204635404e-01
2.000000000000000000e+00 1.321300732609460771e-05 2.496713024039025064e-01
2.000000000000000000e+00 1.839299802301819262e-06 4.698615550442346821e-03
2.000000000000000000e+00 6.537935336906855470e-06 1.393969351248101340e-01
1.000000000000000000e+00 6.193631583385412250e-04 9.566210432524324681e-01
1.000000000000000000e+00 4.653528962219927092e-04 9.713684584693544899e-01
1.000000000000000000e+00 1.258055172764981251e-03 9.061891075688842667e-01
1.000000000000000000e+00 6.258197092241817765e-04 8.646925223620915979e-01
1.000000000000000000e+00 2.690635863571276423e-05 4.689571944071682652e-02
1.000000000000000000e+00 9.565462843691069968e-04 6.669020008241014486e-01
1.000000000000000000e+00 2.753270972698917008e-04 9.238504545230559195e-01
1.000000000000000000e+00 7.363255321876330955e-05 5.513551534249643282e-01
1.000000000000000000e+00 6.472685579072412357e-05 5.545678430302507511e-01
1.000000000000000000e+00 5.498257712417120806e-06 4.762546180150926955e-02
1.000000000000000000e+00 6.173093188887967178e-06 2.361731804836571247e-02
1.000000000000000000e+00 6.292021837231988833e-05 2.594494093127751033e-01
1.000000000000000000e+00 8.646762512200915907e-04 6.311719719181770882e-01
1.000000000000000000e+00 2.120532682187776976e-04 2.140211117281695385e-01
2.000000000000000000e+00 2.406124165751819690e-06 2.424123823893333807e-01
1.000000000000000000e+00 3.220410451151736568e-05 1.079969009361750609e-01
1.000000000000000000e+00 1.057460453106467822e-04 2.742016448348103541e-01
1.000000000000000000e+00 2.015339611905982208e-04 3.288094132369192013e-01
1.000000000000000000e+00 2.652514769973653109e-04 8.962268126962256165e-01
1.000000000000000000e+00 2.076224056259573546e-04 9.455427639476710056e-01
1.000000000000000000e+00 1.626341330877327442e-04 2.926873509550834696e-01
1.000000000000000000e+00 2.380409171262167314e-05 6.213927840810856001e-02
1.000000000000000000e+00 1.767297322175413223e-03 9.488116923850569151e-01
2.000000000000000000e+00 2.712073420932784422e-05 4.178262021920539082e-01
1.000000000000000000e+00 2.487919599909826530e-05 2.599094502813464880e-01
2.000000000000000000e+00 9.743980098406367256e-06 1.894893749664097460e-01
1.000000000000000000e+00 4.910830862569312181e-05 2.382382118278299488e-01
2.000000000000000000e+00 1.438244363895675828e-05 7.123537056983412219e-01
1.000000000000000000e+00 5.780868697291858681e-05 4.866113714275485669e-01
