1.000000000000000000e+00 2.584098399299229482e-04 5.235741833263365397e-01
1.000000000000000000e+00 7.024449483322711310e-08 1.351302020436448512e-04
1.000000000000000000e+00 5.978336626762518514e-04 6.808377247995808235e-01
1.000000000000000000e+00 8.588640771667513640e-06 2.712332407882901697e-02
1.000000000000000000e+00 3.643401638008593219e-04 5.121695709262742424e-01
2.000000000000000000e+00 6.346617968725743429e-04 9.224459245529317286e-01
1.000000000000000000e+00 1.002059045728228084e-03 5.780084560399143534e-01
2.000000000000000000e+00 8.050738102532811714e-05 1.312448699892091453e-01
1.000000000000000000e+00 5.377150107767797075e-05 1.176953736121866267e-01
1.000000000000000000e+00 5.399473735834717063e-04 5.886385324950648146e-01
1.000000000000000000e+00 2.998354107238896098e-04 5.054132838271663264e-01
1.000000000000000000e+00 2.586974820724013730e-04 3.848320356860507330e-01
1.000000000000000000e+00 4.833962649767929807e-04 9.756164988532274318e-01
1.000000000000000000e+00 2.115094667730298388e-04 8.521581397444087935e-01
2.000000000000000000e+00 6.946631996189720545e-04 7.559724219734145212e-01
1.000000000000000000e+00 2.993366751866029387e-05 7.644522686680092771e-02
1.000000000000000000e+00 9.982086532365519493e-05 2.205638498618614496e-01
1.000000000000000000e+00 4.262603431670820191e-04 6.066480711536387238e-01
1.000000000000000000e+00 2.778039575439622557e-05 9.576682453612885837e-01
1.000000000000000000e+00 4.399325025095412230e-04 9.372846749702019586e-01
2.000000000000000000e+00 4.324553677295629381e-06 3.438151224709603410e-02
2.000000000000000000e+00 9.044798008176830250e-05 7.243602653267080527e-01
2.000000000000000000e+00 1.400686340149380179e-05 2.060842398967067668e-01
2.000000000000000000e+00 9.735403599177777845e-06 1.672909711098425067e-01
2.000000000000000000e+00 1.028266517281388792e-07 1.960913110476927195e-04
2.000000000000000000e+00 3.959369912065396729e-06 5.267146331900657980e-02
1.000000000000000000e+00 7.331100719610915244e-04 9.434818777553994895e-01
1.000000000000000000e+00 6.935877980531514071e-04 9.246287349493259589e-01
1.000000000000000000e+00 1.313294420414132767e-03 8.127470123673044000e-01
1.000000000000000000e+00 7.971921288877456980e-04 8.483303569956357482e-01
1.000000000000000000e+00 2.416345941648296731e-05 3.749831005176643833e-02
1.000000000000000000e+00 9.370090130537196043e-04 6.473987331771939857e-01
1.000000000000000000e+00 2.039909468092930263e-04 6.838347313199734101e-01
1.000000000000000000e+00 6.903574900305356845e-05 4.106608234197379748e-01
1.000000000000000000e+00 6.795692090174205438e-05 4.868651623019858432e-01
1.000000000000000000e+00 9.049418509561794850e-06 8.524300103978280085e-02
1.000000000000000000e+00 5.055328613456898932e-06 1.916428568963192067e-02
1.000000000000000000e+00 2.854844559315760893e-05 1.202205237830217821e-01
1.000000000000000000e+00 8.942364774184828613e-04 6.283492722157162369e-01
1.000000000000000000e+00 2.594159993973917024e-04 3.178816507990783191e-01
2.000000000000000000e+00 3.642367327642381968e-06 3.183874600931457799e-01
1.000000000000000000e+00 2.963496461032023708e-05 1.115481190845252768e-01
1.000000000000000000e+00 9.772724955514981422e-05 1.979449621718283592e-01
1.000000000000000000e+00 1.943750432041867508e-04 2.494074593025420450e-01
1.000000000000000000e+00 2.878771256017884864e-04 8.773167299315223211e-01
1.000000000000000000e+00 3.204306835313316536e-04 9.035457360556419237e-01
1.000000000000000000e+00 1.456730384092406311e-04 2.247116590279943926e-01
1.000000000000000000e+00 1.315574274409863035e-05 3.419992070155569025e-02
1.000000000000000000e+00 1.887847149347407927e-03 9.496609570975590442e-01
2.000000000000000000e+00 2.242648543485193454e-05 3.141665094132198854e-01
1.000000000000000000e+00 3.078849919323326949e-05 3.367571275996346647e-01
2.000000000000000000e+00 5.781491595512065873e-06 8.903246448657270440e-02
1.000000000000000000e+00 6.264875158118558005e-05 2.903827058790072746e-01
2.000000000000000000e+00 8.960215676055295050e-06 3.634380929433580487e-01
1.000000000000000000e+00 6.451924987239435162e-05 4.577792836201527438e-01
