1.000000000000000000e+00 2.185473569039499500e-04 4.490600310210560719e-01
1.000000000000000000e+00 4.094052539422147511e-08 7.217055507178369775e-05
1.000000000000000000e+00 5.938253333836671088e-04 6.815088446952221046e-01
1.000000000000000000e+00 7.910545819398430943e-06 2.506030987361469037e-02
1.000000000000000000e+00 3.561762301828794164e-04 5.281502240283212357e-01
2.000000000000000000e+00 6.897758796818262992e-04 8.607857431064611653e-01
1.000000000000000000e+00 1.122205818249808872e-03 6.210470599390898183e-01
2.000000000000000000e+00 7.557571703503184813e-05 1.172775709176901160e-01
1.000000000000000000e+00 5.763933077376446614e-05 1.381464643154261540e-01
1.000000000000000000e+00 5.461351452074996718e-04 6.029800904765174607e-01
1.000000000000000000e+00 2.940786692783438176e-04 4.864418032538074810e-01
1.000000000000000000e+00 2.425421801355607068e-04 3.591955359013347948e-01
1.000000000000000000e+00 4.780590710787471342e-04 9.619015371847753348e-01
1.000000000000000000e+00 2.223715522216954978e-04 8.450744233660358873e-01
2.000000000000000000e+00 5.706233834988392673e-04 7.271188252003606411e-01
1.000000000000000000e+00 2.994111304093343223e-05 8.387819246037642174e-02
1.000000000000000000e+00 9.379924425202825844e-05 2.012809307058209540e-01
1.000000000000000000e+00 6.127138078341248708e-04 6.209450415407469226e-01
1.000000000000000000e+00 2.537788812193877863e-05 9.619284658763400664e-01
1.000000000000000000e+00 4.196910416985530075e-04 9.417426868357257064e-01
2.000000000000000000e+00 4.931340905720733723e-06 5.608591760021889444e-02
2.000000000000000000e+00 8.907673466030565225e-05 6.584687696249127420e-01
2.000000000000000000e+00 1.855003820950305992e-05 2.004124435012933358e-01
2.000000000000000000e+00 5.885234023646098376e-06 7.405374646025814078e-02
2.000000000000000000e+00 1.070343231819451895e-07 2.064687888527635636e-04
2.000000000000000000e+00 4.042152235420188139e-06 4.393979198153171589e-02
1.000000000000000000e+00 7.399915897671970576e-04 9.449161755349307912e-01
1.000000000000000000e+00 7.755050689262221611e-04 9.073635072223957820e-01
1.000000000000000000e+00 1.244847685196475394e-03 8.242784421972303432e-01
1.000000000000000000e+00 8.110400349707424074e-04 7.978156447760318404e-01
1.000000000000000000e+00 2.324045288953968723e-05 3.312178587615773051e-02
1.000000000000000000e+00 1.022578096382569142e-03 6.967447534664565900e-01
1.000000000000000000e+00 2.990507383055606002e-04 6.888457774331846473e-01
1.000000000000000000e+00 7.269036726652288187e-05 4.346909936154783605e-01
1.000000000000000000e+00 6.978802263816890358e-05 4.914429455792194146e-01
1.000000000000000000e+00 8.449303766225274386e-06 7.242978106092166912e-02
1.000000000000000000e+00 5.480005773008182047e-06 2.101276234136879514e-02
1.000000000000000000e+00 2.811416895732348278e-05 1.179872109890418852e-01
1.000000000000000000e+00 8.929255937606245773e-04 6.282151847755588214e-01
1.000000000000000000e+00 2.362480118331111701e-04 2.898964949234843491e-01
2.000000000000000000e+00 4.531614303536695166e-06 2.916764134654790674e-01
1.000000000000000000e+00 3.158216439986157302e-05 1.130441149216174085e-01
1.000000000000000000e+00 9.804272688327464794e-05 1.959380869333409714e-01
1.000000000000000000e+00 1.918645651539079434e-04 2.356204016949242364e-01
1.000000000000000000e+00 2.549552546298135595e-04 8.366058789647048410e-01
1.000000000000000000e+00 3.424360248233460145e-04 9.076681726222943780e-01
1.000000000000000000e+00 1.691106131299394372e-04 2.620774061364818941e-01
1.000000000000000000e+00 1.414362394815900549e-05 3.686273153336991348e-02
1.000000000000000000e+00 1.907402738890809097e-03 9.553385011597518295e-01
2.000000000000000000e+00 2.683701727782559430e-05 3.383406964515238702e-01
1.000000000000000000e+00 2.495297574517398078e-05 2.422685005889338994e-01
2.000000000000000000e+00 4.112782982951279122e-06 5.438544800021910541e-02
1.000000000000000000e+00 5.247078977907075972e-05 2.456205813462267740e-01
2.000000000000000000e+00 4.488588875477985863e-06 1.050178684982519678e-01
1.000000000000000000e+00 6.310345057436917880e-05 4.312371790162021212e-01
