1.000000000000000000e+00 2.128529831570619211e-04 4.305409074677906123e-01
1.000000000000000000e+00 7.045819379541513663e-08 9.248224422617410127e-05
1.000000000000000000e+00 5.826061237631304391e-04 7.021045799738713233e-01
1.000000000000000000e+00 7.415772845632232877e-06 2.351377857326848037e-02
1.000000000000000000e+00 3.654918859970768806e-04 5.356083900311111590e-01
2.000000000000000000e+00 6.553087901740586255e-04 8.410194897012592818e-01
1.000000000000000000e+00 1.099902983547809210e-03 6.336526916847503577e-01
2.000000000000000000e+00 7.466198164228531661e-05 1.185054637414114792e-01
1.000000000000000000e+00 5.234435243701177033e-05 1.219908337484043592e-01
1.000000000000000000e+00 5.417638003887761001e-04 6.243455220274144457e-01
1.000000000000000000e+00 2.935829229868137913e-04 4.934386203216646338e-01
1.000000000000000000e+00 2.408747010694261973e-04 3.550351641727428342e-01
1.000000000000000000e+00 4.863219130480007663e-04 9.549834442470849227e-01
1.000000000000000000e+00 2.178665176494926244e-04 8.455343203824032816e-01
2.000000000000000000e+00 5.747753269790324172e-04 7.330273141176328888e-01
1.000000000000000000e+00 2.980829488961256248e-05 8.804117688978919942e-02
1.000000000000000000e+00 9.768749055815334524e-05 2.114217398362115696e-01
1.000000000000000000e+00 5.983936366555559806e-04 6.420072322267535991e-01
1.000000000000000000e+00 2.315361774960497933e-05 9.651087285883532818e-01
1.000000000000000000e+00 3.957445030998076475e-04 9.464652461091463964e-01
2.000000000000000000e+00 4.901383739318906823e-06 5.306723389219673154e-02
2.000000000000000000e+00 8.802979037739644581e-05 6.316221331759882540e-01
2.000000000000000000e+00 1.873406460929223798e-05 1.920387194728619962e-01
2.000000000000000000e+00 6.469868074809129605e-06 7.614556275084999326e-02
2.000000000000000000e+00 1.057230089865945052e-07 2.029444753480102082e-04
2.000000000000000000e+00 4.445644991613902047e-06 6.235373765657135914e-02
1.000000000000000000e+00 7.233374310167995118e-04 9.482071160304942348e-01
1.000000000000000000e+00 7.871651316317724743e-04 9.017560148728056557e-01
1.000000000000000000e+00 1.227928780734812830e-03 8.149221009107869840e-01
1.000000000000000000e+00 7.973571777819652047e-04 7.643758152774039472e-01
1.000000000000000000e+00 2.428811232946550787e-05 3.505153427059166937e-02
1.000000000000000000e+00 9.430540038044749919e-04 6.984013309566923233e-01
1.000000000000000000e+00 2.832791439053554015e-04 6.484514065505501135e-01
1.000000000000000000e+00 7.624464824004837467e-05 4.652012389966520001e-01
1.000000000000000000e+00 7.319864326609369794e-05 5.116027411007291192e-01
1.000000000000000000e+00 8.856308766303835008e-06 8.267476219505039137e-02
1.000000000000000000e+00 5.811636672392248693e-06 2.208511963052581240e-02
1.000000000000000000e+00 3.019996582501029709e-05 1.326370289076630182e-01
1.000000000000000000e+00 8.790046319926055627e-04 5.970280771679250531e-01
1.000000000000000000e+00 2.595446311687050903e-04 3.074739670726498453e-01
2.000000000000000000e+00 4.047701789963033943e-06 2.636979616781800484e-01
1.000000000000000000e+00 2.984273832453521413e-05 1.062814512037098258e-01
1.000000000000000000e+00 9.739127940193870875e-05 1.948976150554965203e-01
1.000000000000000000e+00 1.889702069241056188e-04 2.280539548305486053e-01
1.000000000000000000e+00 2.338429683127525192e-04 7.524431884190375674e-01
1.000000000000000000e+00 3.331520160479824124e-04 9.065632676724865169e-01
1.000000000000000000e+00 1.650166826096540298e-04 2.490180705352032786e-01
1.000000000000000000e+00 1.532761709903587342e-05 3.965901239140137008e-02
1.000000000000000000e+00 1.912431728384994273e-03 9.604928807424987225e-01
2.000000000000000000e+00 3.160391207174385013e-05 4.001213556039847075e-01
1.000000000000000000e+00 2.516984307478557748e-05 2.306992758561562662e-01
2.000000000000000000e+00 3.601502531534731184e-06 4.924951060735550251e-02
1.000000000000000000e+00 4.924283198407580406e-05 2.335978489736336705e-01
2.000000000000000000e+00 5.308013266452498014e-06 1.264966314683600435e-01
1.000000000000000000e+00 6.470053984478774242e-05 4.535155612396549740e-01
