1.000000000000000000e+00 2.256872846899673156e-04 4.654793297844913580e-01
1.000000000000000000e+00 2.569103223123041105e-08 4.867404039791206822e-05
1.000000000000000000e+00 5.725682141565465247e-04 7.201638921200657073e-01
1.000000000000000000e+00 7.715336820146058766e-06 2.523985282255946858e-02
1.000000000000000000e+00 3.799161637498099349e-04 5.791576158153276532e-01
2.000000000000000000e+00 6.508684263898884340e-04 9.039254681925721346e-01
1.000000000000000000e+00 1.073964104844671525e-03 6.507682025583619856e-01
2.000000000000000000e+00 8.105004094380907132e-05 1.280895242601203243e-01
1.000000000000000000e+00 7.466696868177045054e-05 1.998263641707772320e-01
1.000000000000000000e+00 4.927442429704781933e-04 6.625530656701454912e-01
1.000000000000000000e+00 2.816596982258518325e-04 5.327618051236917562e-01
1.000000000000000000e+00 2.754130789603626223e-04 4.302525183585554913e-01
1.000000000000000000e+00 3.756017732747238594e-04 8.840433680645571890e-01
1.000000000000000000e+00 1.712123767340013490e-04 8.821479125959216239e-01
2.000000000000000000e+00 4.418183950532058777e-04 8.058443431627346776e-01
1.000000000000000000e+00 3.232960960887845420e-05 1.021303330318207025e-01
1.000000000000000000e+00 1.047114311655667856e-04 2.339817636804093215e-01
1.000000000000000000e+00 6.161754038272676884e-04 6.117772563937968755e-01
1.000000000000000000e+00 2.144813106141969425e-05 9.715393520447028752e-01
1.000000000000000000e+00 3.505843596341429711e-04 9.538866797125356012e-01
2.000000000000000000e+00 4.656014168148645513e-06 3.936741406937292742e-02
2.000000000000000000e+00 9.464382014377074913e-05 7.138386059450858578e-01
2.000000000000000000e+00 1.175614914389593899e-05 1.653723708708583207e-01
2.000000000000000000e+00 9.533138214674439996e-06 1.439148958160442193e-01
2.000000000000000000e+00 9.927248677043324971e-08 1.882349797623442675e-04
2.000000000000000000e+00 4.140055595071705929e-06 3.824141165361029382e-02
1.000000000000000000e+00 6.663277700820595135e-04 9.533454589829850612e-01
1.000000000000000000e+00 7.209827790316461612e-04 9.087583857351061445e-01
1.000000000000000000e+00 1.153028289955950695e-03 8.382414282784239612e-01
1.000000000000000000e+00 8.030680020725328898e-04 8.105663450318973950e-01
1.000000000000000000e+00 2.686994535398667787e-05 4.109705923222953250e-02
1.000000000000000000e+00 9.381610446332298023e-04 5.873003711889149825e-01
1.000000000000000000e+00 2.732584072859422413e-04 6.957933298175292824e-01
1.000000000000000000e+00 7.778775106738965682e-05 5.373845117557741746e-01
1.000000000000000000e+00 7.607446650186169357e-05 6.178722004295291725e-01
1.000000000000000000e+00 1.680194044791925086e-05 1.465633449584600179e-01
1.000000000000000000e+00 6.250991629032742031e-06 2.343500567657377104e-02
1.000000000000000000e+00 3.826133486303817563e-05 1.882034604690240864e-01
1.000000000000000000e+00 8.669666421589483510e-04 6.554688475080014953e-01
1.000000000000000000e+00 2.691375247970080099e-04 3.286202421716051258e-01
2.000000000000000000e+00 4.388967445880967835e-06 3.347981585420580775e-01
1.000000000000000000e+00 4.489731506857096502e-05 1.936607136629865666e-01
1.000000000000000000e+00 1.038776410820804150e-04 2.315748623266007666e-01
1.000000000000000000e+00 1.871530181196285345e-04 2.593708761437539811e-01
1.000000000000000000e+00 1.872992996948434424e-04 6.633614322664562746e-01
1.000000000000000000e+00 2.535207270161429511e-04 9.225105252561187630e-01
1.000000000000000000e+00 1.714937628230953732e-04 2.815193679178393804e-01
1.000000000000000000e+00 1.799777114163560770e-05 4.928062034643677924e-02
1.000000000000000000e+00 1.820914073443330710e-03 9.655618016687118610e-01
2.000000000000000000e+00 1.960691466710807399e-05 2.728781350718385568e-01
1.000000000000000000e+00 2.391516510181225768e-05 2.089912686552887477e-01
2.000000000000000000e+00 7.148496231613645539e-06 1.239734793332794294e-01
1.000000000000000000e+00 5.203995135313326946e-05 2.743237472248549191e-01
2.000000000000000000e+00 4.480519256296381166e-06 9.456456746235150645e-02
1.000000000000000000e+00 6.402584009493377448e-05 4.980265875489844896e-01
