1.000000000000000000e+00 2.074740073184716744e-04 4.219786599654340997e-01
1.000000000000000000e+00 7.651236912217587911e-08 1.005034148749073063e-04
1.000000000000000000e+00 5.625694971182592773e-04 7.280927290611867164e-01
1.000000000000000000e+00 7.232084597944572707e-06 2.296998690198447796e-02
1.000000000000000000e+00 3.752836167790677248e-04 5.764175426959523563e-01
2.000000000000000000e+00 6.459961405279148524e-04 8.057025129782536821e-01
1.000000000000000000e+00 1.060807344920587517e-03 6.617005709042703687e-01
2.000000000000000000e+00 7.475895216388731836e-05 1.189150951059669836e-01
1.000000000000000000e+00 5.326463378435060690e-05 1.251295598637534034e-01
1.000000000000000000e+00 5.103263856281880931e-04 6.747307045642421119e-01
1.000000000000000000e+00 2.868945030217955982e-04 5.116441374607879622e-01
1.000000000000000000e+00 2.446379966333035228e-04 3.664500799651173590e-01
1.000000000000000000e+00 4.167726691870979197e-04 8.999418358387037964e-01
1.000000000000000000e+00 1.996508541420081810e-04 8.566961301521586192e-01
2.000000000000000000e+00 5.350345694251031937e-04 7.658347009269274031e-01
1.000000000000000000e+00 3.033809748009359743e-05 1.001215299928721880e-01
1.000000000000000000e+00 1.041303571545530780e-04 2.320088449989081703e-01
1.000000000000000000e+00 6.474304395753848265e-04 6.952508219753040786e-01
1.000000000000000000e+00 2.005347316114847544e-05 9.375508937469381188e-01
1.000000000000000000e+00 3.481351664437716477e-04 9.546827888776149296e-01
2.000000000000000000e+00 4.987856575766181800e-06 4.933683186964223782e-02
2.000000000000000000e+00 8.800885460675758219e-05 6.092696873281021608e-01
2.000000000000000000e+00 1.893277560574642125e-05 2.065647987283317777e-01
2.000000000000000000e+00 6.666023411214210089e-06 8.295442872747670060e-02
2.000000000000000000e+00 1.012160842080771754e-07 1.920914644126084413e-04
2.000000000000000000e+00 4.642572060303042238e-06 5.765666282736184312e-02
1.000000000000000000e+00 6.847510392181635919e-04 9.533472077659033150e-01
1.000000000000000000e+00 7.936261912137206054e-04 8.982544745228531191e-01
1.000000000000000000e+00 1.165267707343990017e-03 8.013782296247551340e-01
1.000000000000000000e+00 8.032447394501717169e-04 7.336262808588823736e-01
1.000000000000000000e+00 2.613333870991726624e-05 3.844144511375693213e-02
1.000000000000000000e+00 8.928466331973313559e-04 6.901997269029012116e-01
1.000000000000000000e+00 2.911730181469997843e-04 6.338876311796445284e-01
1.000000000000000000e+00 8.138294680264919554e-05 5.295861144169142776e-01
1.000000000000000000e+00 7.800067717325797766e-05 5.727532118303869657e-01
1.000000000000000000e+00 1.230429284566434347e-05 1.149689452848319526e-01
1.000000000000000000e+00 6.613749841992308996e-06 2.547291304867781159e-02
1.000000000000000000e+00 3.532814752637307356e-05 1.721606145433746959e-01
1.000000000000000000e+00 8.686180501633187405e-04 5.930106651992548272e-01
1.000000000000000000e+00 2.944771886243768800e-04 3.415813788359582936e-01
2.000000000000000000e+00 4.279475196746187408e-06 2.898283843727552100e-01
1.000000000000000000e+00 3.544708399251726119e-05 1.348388503346675538e-01
1.000000000000000000e+00 9.931328132657664756e-05 2.036156144312818439e-01
1.000000000000000000e+00 1.856961735803026436e-04 2.292672317350717415e-01
1.000000000000000000e+00 1.871663231367420854e-04 6.244458241711200452e-01
1.000000000000000000e+00 2.895248709262016420e-04 9.287670550486605281e-01
1.000000000000000000e+00 1.846743889528051994e-04 2.906766396475869429e-01
1.000000000000000000e+00 1.771976014105066728e-05 4.612634027295899747e-02
1.000000000000000000e+00 1.907225706370337245e-03 9.697866413012804498e-01
2.000000000000000000e+00 3.257984101098416216e-05 4.123282306221134896e-01
1.000000000000000000e+00 2.372998326457742414e-05 1.984506380640046475e-01
2.000000000000000000e+00 3.655452914642669376e-06 5.037895057213107042e-02
1.000000000000000000e+00 5.641592312816311118e-05 2.735540365251834527e-01
2.000000000000000000e+00 5.588820229130992980e-06 1.262158712984891851e-01
1.000000000000000000e+00 6.771168684760007909e-05 4.917371692519549864e-01
