1.000000000000000000e+00 2.399175203482830710e-04 4.849550065417191913e-01
1.000000000000000000e+00 5.456234576394915630e-08 9.689789572051252264e-05
1.000000000000000000e+00 5.955151253884815189e-04 6.866030573472970966e-01
1.000000000000000000e+00 8.310111765756587266e-06 2.650933195886391591e-02
1.000000000000000000e+00 3.735083322227090216e-04 5.305149822522058356e-01
2.000000000000000000e+00 6.367935543632086311e-04 9.295437729973270446e-01
1.000000000000000000e+00 9.579472462007749449e-04 5.695591956279453250e-01
2.000000000000000000e+00 7.807502959161777148e-05 1.266809539470487855e-01
1.000000000000000000e+00 5.888634277532061770e-05 1.312528196993916207e-01
1.000000000000000000e+00 5.541228693772115967e-04 5.866899766402217109e-01
1.000000000000000000e+00 3.032649435066937012e-04 5.118643846720347668e-01
1.000000000000000000e+00 2.572151444938125683e-04 3.869908938255805508e-01
1.000000000000000000e+00 4.827762388176449950e-04 9.715089725760375217e-01
1.000000000000000000e+00 2.070788300406752969e-04 8.549696091593120828e-01
2.000000000000000000e+00 7.452798213119560039e-04 7.598794852295780444e-01
1.000000000000000000e+00 3.028323516501262375e-05 8.225332348163848228e-02
1.000000000000000000e+00 1.004823040785322424e-04 2.168707484650894690e-01
1.000000000000000000e+00 4.429448363982247880e-04 6.173016384175267213e-01
1.000000000000000000e+00 2.659296589316343756e-05 9.606173042941281714e-01
1.000000000000000000e+00 4.297840864239332263e-04 9.397928740664985847e-01
2.000000000000000000e+00 4.311421394022056974e-06 3.379819227413142363e-02
2.000000000000000000e+00 9.339734419034830145e-05 7.313502691985018789e-01
2.000000000000000000e+00 1.118498888095650429e-05 1.599404212812241266e-01
2.000000000000000000e+00 8.610406669743182599e-06 1.375618924647210584e-01
2.000000000000000000e+00 1.005264536457543594e-07 1.913334149181343210e-04
2.000000000000000000e+00 3.707106699038890138e-06 4.014754128377132775e-02
1.000000000000000000e+00 7.236864671001208126e-04 9.447682994890550523e-01
1.000000000000000000e+00 7.034380804763395913e-04 9.194593710709622059e-01
1.000000000000000000e+00 1.263721441987902426e-03 7.881886458730316125e-01
1.000000000000000000e+00 7.843239036074696295e-04 8.366059685949718272e-01
1.000000000000000000e+00 2.446612571697493911e-05 3.844858269890946700e-02
1.000000000000000000e+00 8.288781143415060049e-04 5.960525393999418498e-01
1.000000000000000000e+00 2.170090629060302066e-04 7.071680628214401798e-01
1.000000000000000000e+00 7.058039325362801752e-05 4.246332902808809262e-01
1.000000000000000000e+00 6.902899611237493446e-05 5.032974911789307448e-01
1.000000000000000000e+00 1.113983980889520205e-05 1.054297952111239167e-01
1.000000000000000000e+00 5.231968507958505290e-06 1.977466402938450607e-02
1.000000000000000000e+00 2.784857392439219777e-05 1.196695860476325035e-01
1.000000000000000000e+00 8.919242069834031755e-04 6.217498008861487291e-01
1.000000000000000000e+00 2.796904812307453303e-04 3.529684472085767855e-01
2.000000000000000000e+00 3.856934339352930278e-06 3.085593840871184712e-01
1.000000000000000000e+00 3.177094923589512341e-05 1.213367384153820616e-01
1.000000000000000000e+00 9.838093236269245337e-05 2.010979733199468322e-01
1.000000000000000000e+00 1.931121338244480275e-04 2.460078518034353179e-01
1.000000000000000000e+00 2.736019474277998943e-04 8.836425226750722617e-01
1.000000000000000000e+00 3.121314397015892091e-04 9.044712760904227711e-01
1.000000000000000000e+00 1.421695363739353254e-04 2.177270230345578761e-01
1.000000000000000000e+00 1.356941334782309693e-05 3.563058279113453380e-02
1.000000000000000000e+00 1.872028737119731112e-03 9.514306496199789187e-01
2.000000000000000000e+00 2.182309952798495192e-05 3.182755283612165864e-01
1.000000000000000000e+00 2.745606360830296053e-05 2.883608022142593597e-01
2.000000000000000000e+00 5.138905127846432938e-06 7.859925093109608463e-02
1.000000000000000000e+00 6.031220468191683643e-05 2.822042854936396283e-01
2.000000000000000000e+00 6.944290287556009125e-06 2.503862175204798479e-01
1.000000000000000000e+00 6.822433939715045559e-05 4.734551448315181266e-01
