1.000000000000000000e+00 2.252723907040023480e-04 4.662137644164126016e-01
1.000000000000000000e+00 2.473972296942708979e-08 4.652774390711311893e-05
1.000000000000000000e+00 5.723168492571924703e-04 7.276522608785883639e-01
1.000000000000000000e+00 7.665549897155299016e-06 2.516358809114317696e-02
1.000000000000000000e+00 3.816879734000116564e-04 5.856562289325331072e-01
2.000000000000000000e+00 6.559678978726731597e-04 9.144647669264325263e-01
1.000000000000000000e+00 1.060530899286355301e-03 6.617710980037228019e-01
2.000000000000000000e+00 8.193349030273855741e-05 1.296173354134510791e-01
1.000000000000000000e+00 7.760467667409770684e-05 2.190896465136383808e-01
1.000000000000000000e+00 4.790402192912247403e-04 6.773577110920387945e-01
1.000000000000000000e+00 2.823260849091617942e-04 5.373238919577403294e-01
1.000000000000000000e+00 2.804407949891434362e-04 4.375186692756740658e-01
1.000000000000000000e+00 3.579078869764956965e-04 8.498689946397504080e-01
1.000000000000000000e+00 1.641154040694367067e-04 8.858145611363222871e-01
2.000000000000000000e+00 4.204692902284612476e-04 8.223053812668198459e-01
1.000000000000000000e+00 3.274841218485121123e-05 1.020031677567887901e-01
1.000000000000000000e+00 1.028739043230602587e-04 2.362317083184195532e-01
1.000000000000000000e+00 6.241091240015640869e-04 6.336923775666759573e-01
1.000000000000000000e+00 2.065328126766021138e-05 9.715729482816555240e-01
1.000000000000000000e+00 3.319887364640917711e-04 9.566341283758647007e-01
2.000000000000000000e+00 4.617277931437602124e-06 3.912972544344817116e-02
2.000000000000000000e+00 9.544067631650889408e-05 7.141876112877366678e-01
2.000000000000000000e+00 1.245598351484185415e-05 1.843381644628498406e-01
2.000000000000000000e+00 9.580571106877450134e-06 1.464609970280292550e-01
2.000000000000000000e+00 9.695993249801022300e-08 1.836272255141854326e-04
2.000000000000000000e+00 4.245300223968282642e-06 3.900128681541431552e-02
1.000000000000000000e+00 6.523953600366986464e-04 9.549082812095875950e-01
1.000000000000000000e+00 7.265039059115882374e-04 9.052026808879793940e-01
1.000000000000000000e+00 1.151731462153826732e-03 8.413470059230687692e-01
1.000000000000000000e+00 8.233214995329996141e-04 8.023901591296629388e-01
1.000000000000000000e+00 2.808929621015927370e-05 4.115714906649230176e-02
1.000000000000000000e+00 9.063347223938453311e-04 5.615554729193260597e-01
1.000000000000000000e+00 2.710611559257790283e-04 6.876257242341536902e-01
1.000000000000000000e+00 7.923570970142808758e-05 5.650419459522990628e-01
1.000000000000000000e+00 7.495856795575116488e-05 6.303678792448674795e-01
1.000000000000000000e+00 1.845922939040412991e-05 1.584193990010984432e-01
1.000000000000000000e+00 6.444039210954017639e-06 2.434618214022378838e-02
1.000000000000000000e+00 4.186315779844244651e-05 2.126282733269159175e-01
1.000000000000000000e+00 8.630673871660844796e-04 6.626347565206073265e-01
1.000000000000000000e+00 2.795306220257765917e-04 3.380457402183373872e-01
2.000000000000000000e+00 4.509681260280102352e-06 3.459133690243612613e-01
1.000000000000000000e+00 4.795372589071952163e-05 2.105368579856984890e-01
1.000000000000000000e+00 1.056148190271774680e-04 2.395505892378529678e-01
1.000000000000000000e+00 1.865236495848282723e-04 2.611544992458949555e-01
1.000000000000000000e+00 1.713985178106525794e-04 6.246034530715300903e-01
1.000000000000000000e+00 2.460618717223024706e-04 9.291053806351745603e-01
1.000000000000000000e+00 1.909922740991673714e-04 3.291411555636954978e-01
1.000000000000000000e+00 1.922405146560032010e-05 5.336037897736953944e-02
1.000000000000000000e+00 1.815496860533028075e-03 9.669636585565457576e-01
2.000000000000000000e+00 2.021244409402830094e-05 2.845909706708480424e-01
1.000000000000000000e+00 2.472460376596970067e-05 2.228596546979749737e-01
2.000000000000000000e+00 6.201895578704773467e-06 9.617220754105214320e-02
1.000000000000000000e+00 5.478493284711235026e-05 2.861983929834850393e-01
2.000000000000000000e+00 4.593241924600262980e-06 9.759248693445195244e-02
1.000000000000000000e+00 6.469208112912502103e-05 5.082418450027029744e-01
