1.000000000000000000e+00 2.231952177862291076e-04 4.582463227168875886e-01
1.000000000000000000e+00 2.987419244896206634e-08 5.499007292036428660e-05
1.000000000000000000e+00 5.941367542356374787e-04 6.841796775691855181e-01
1.000000000000000000e+00 7.688677494346454752e-06 2.460582360903527596e-02
1.000000000000000000e+00 3.615693372171666325e-04 5.437069357081051324e-01
2.000000000000000000e+00 6.702740655512105100e-04 9.185838532020513814e-01
1.000000000000000000e+00 1.122162312314443737e-03 6.209543681848336272e-01
2.000000000000000000e+00 7.828123309122820856e-05 1.225805608590451456e-01
1.000000000000000000e+00 6.648791041526309117e-05 1.668082641125445964e-01
1.000000000000000000e+00 5.426692581003378325e-04 6.036250579480455514e-01
1.000000000000000000e+00 2.940151298563386368e-04 4.905906553952667504e-01
1.000000000000000000e+00 2.479752376567417762e-04 3.702479813910273254e-01
1.000000000000000000e+00 4.733081565960804791e-04 9.631974555337647903e-01
1.000000000000000000e+00 2.159651845861379428e-04 8.502653734370344552e-01
2.000000000000000000e+00 5.448905969602655308e-04 7.407897288957022708e-01
1.000000000000000000e+00 3.032107883236004277e-05 8.597631946476852471e-02
1.000000000000000000e+00 9.308229396254923626e-05 2.009604150535863887e-01
1.000000000000000000e+00 5.846987646261135423e-04 5.698705840772295694e-01
1.000000000000000000e+00 2.549686438602443179e-05 9.627387392650926801e-01
1.000000000000000000e+00 4.173542521012314809e-04 9.419687427888226994e-01
2.000000000000000000e+00 4.925210425198237786e-06 5.218875715719018676e-02
2.000000000000000000e+00 8.954530864572536218e-05 6.691947770921111704e-01
2.000000000000000000e+00 1.625235700856876095e-05 1.967971673085083251e-01
2.000000000000000000e+00 5.312430158736643036e-06 6.810049316324666424e-02
2.000000000000000000e+00 1.067458977827329478e-07 2.058120280319542948e-04
2.000000000000000000e+00 3.969589326477482321e-06 4.159783342320127336e-02
1.000000000000000000e+00 7.359685578048187583e-04 9.454702228156821597e-01
1.000000000000000000e+00 7.678557325874740954e-04 9.079069879096832718e-01
1.000000000000000000e+00 1.248013835201984686e-03 8.333688850930746073e-01
1.000000000000000000e+00 8.318526479513577198e-04 8.124803164953887658e-01
1.000000000000000000e+00 2.350174035006151392e-05 3.335407446504805307e-02
1.000000000000000000e+00 9.524724880619239893e-04 6.431757426588096127e-01
1.000000000000000000e+00 2.922868399235990962e-04 6.882962789655978630e-01
1.000000000000000000e+00 7.238412694346438368e-05 4.396892051339327812e-01
1.000000000000000000e+00 6.978198684976993980e-05 4.993072058980106975e-01
1.000000000000000000e+00 9.493647901754150758e-06 7.810526137843704086e-02
1.000000000000000000e+00 5.421084028474815060e-06 2.064091257757980080e-02
1.000000000000000000e+00 2.867810011785507237e-05 1.205598269714767690e-01
1.000000000000000000e+00 8.836861559689555877e-04 6.407594526387926370e-01
1.000000000000000000e+00 2.339545425660522295e-04 2.899525515057430614e-01
2.000000000000000000e+00 4.444934429655986206e-06 2.963023612315568989e-01
1.000000000000000000e+00 3.459126640206905965e-05 1.296243619330951224e-01
1.000000000000000000e+00 9.865484702057759957e-05 2.008238799470168645e-01
1.000000000000000000e+00 1.905366963772082783e-04 2.405464541380001875e-01
1.000000000000000000e+00 2.528252791908361732e-04 8.421259571895558516e-01
1.000000000000000000e+00 3.278079931629863681e-04 9.012509878453813794e-01
1.000000000000000000e+00 1.682147943306183701e-04 2.655335921083595285e-01
1.000000000000000000e+00 1.430562533050266161e-05 3.767593410217660865e-02
1.000000000000000000e+00 1.879203858011156561e-03 9.561904636987138550e-01
2.000000000000000000e+00 2.489918585137314343e-05 3.285657541097129486e-01
1.000000000000000000e+00 2.518454401510127562e-05 2.491980633098378750e-01
2.000000000000000000e+00 5.059525832569264703e-06 6.530802938566916682e-02
1.000000000000000000e+00 4.922016672641246770e-05 2.321505137688012477e-01
2.000000000000000000e+00 4.361866924033841918e-06 9.951862720973195242e-02
1.000000000000000000e+00 6.232731760133107318e-05 4.349947468035755271e-01
