1.000000000000000000e+00 2.356340563917536806e-04 4.798659427740501471e-01
1.000000000000000000e+00 4.235143543090325230e-08 7.564805070975429873e-05
1.000000000000000000e+00 5.749061275068184998e-04 7.113085075416542002e-01
1.000000000000000000e+00 8.224080945846481080e-06 2.681662213711170917e-02
1.000000000000000000e+00 3.916258448763045973e-04 5.750029883040501666e-01
2.000000000000000000e+00 6.234662501319365767e-04 9.183096482289221374e-01
1.000000000000000000e+00 8.443027817857184187e-04 5.469159411366800727e-01
2.000000000000000000e+00 7.869134396866420275e-05 1.297422366094810875e-01
1.000000000000000000e+00 6.453705800985859030e-05 1.455985467676289558e-01
1.000000000000000000e+00 5.256817444474915640e-04 6.279095358212924971e-01
1.000000000000000000e+00 2.953827277731318102e-04 5.388243596629741505e-01
1.000000000000000000e+00 2.704715089570101016e-04 4.192914282923783098e-01
1.000000000000000000e+00 4.041415632872585851e-04 9.369713815138442925e-01
1.000000000000000000e+00 1.774281878629085344e-04 8.741808949050947630e-01
2.000000000000000000e+00 8.229749507833366900e-04 7.753394885337505649e-01
1.000000000000000000e+00 3.127508289730729244e-05 9.778898344072481374e-02
1.000000000000000000e+00 1.125030523975893633e-04 2.493247513672256221e-01
1.000000000000000000e+00 4.336971948066328255e-04 6.387593761296800343e-01
1.000000000000000000e+00 2.337171507554374427e-05 9.673478845129063197e-01
1.000000000000000000e+00 3.850185845469788473e-04 9.483743258412504762e-01
2.000000000000000000e+00 4.019330113658986623e-06 2.956769465190619076e-02
2.000000000000000000e+00 9.272754547913226314e-05 7.449830149979514982e-01
2.000000000000000000e+00 1.035538284703477337e-05 1.507391854850050339e-01
2.000000000000000000e+00 9.845740536370761677e-06 1.528550876802927949e-01
2.000000000000000000e+00 9.462890520497961016e-08 1.791721869265818640e-04
2.000000000000000000e+00 3.701010537645071296e-06 3.443635640178034640e-02
1.000000000000000000e+00 6.648406259708675723e-04 9.520907864421102040e-01
1.000000000000000000e+00 6.500051191826844953e-04 9.205478202700899670e-01
1.000000000000000000e+00 1.169152475846047153e-03 7.745674959467910847e-01
1.000000000000000000e+00 7.446690092488142745e-04 8.262903239882545270e-01
1.000000000000000000e+00 2.699315552526470848e-05 4.510254594007869627e-02
1.000000000000000000e+00 8.420345370514271694e-04 5.891519775490559052e-01
1.000000000000000000e+00 1.984739667985157109e-04 7.002501534850646969e-01
1.000000000000000000e+00 7.510515855876544872e-05 4.906186127092817539e-01
1.000000000000000000e+00 7.238780069431851596e-05 5.739394404934716754e-01
1.000000000000000000e+00 1.514196616589842838e-05 1.433966771782929639e-01
1.000000000000000000e+00 5.803355165759504888e-06 2.150530986370104494e-02
1.000000000000000000e+00 3.131411288415545204e-05 1.499058516649868777e-01
1.000000000000000000e+00 8.837540340500911386e-04 6.133793745471467496e-01
1.000000000000000000e+00 2.918267004995180589e-04 3.977079067116983113e-01
2.000000000000000000e+00 3.815952754542666803e-06 3.191482708055566886e-01
1.000000000000000000e+00 3.825770616562854576e-05 1.578020574718387026e-01
1.000000000000000000e+00 1.012380747797626184e-04 2.174782393565534155e-01
1.000000000000000000e+00 1.895148733357172497e-04 2.556647267277015745e-01
1.000000000000000000e+00 2.297470018541589512e-04 7.846495166619986694e-01
1.000000000000000000e+00 2.580980008968280300e-04 9.212510416808328273e-01
1.000000000000000000e+00 1.472850790196297442e-04 2.294478053837465115e-01
1.000000000000000000e+00 1.570521865792863633e-05 4.219714839350484359e-02
1.000000000000000000e+00 1.816854773281652161e-03 9.614519119009958814e-01
2.000000000000000000e+00 1.878949113401143968e-05 2.839875167543387535e-01
1.000000000000000000e+00 2.729522017848021360e-05 2.917841456097702291e-01
2.000000000000000000e+00 5.769965991488911447e-06 9.316635804375020258e-02
1.000000000000000000e+00 6.863714377375493248e-05 3.171836789519695832e-01
2.000000000000000000e+00 7.403842774459831847e-06 2.949019646084266033e-01
1.000000000000000000e+00 7.391976025119506816e-05 5.293459480479172363e-01
