1.000000000000000000e+00 3.480474758277097907e-04 7.838469632175377733e-01
1.000000000000000000e+00 1.213650087683936981e-07 2.351926698375509392e-04
1.000000000000000000e+00 5.137061535061658449e-04 7.254766995563339815e-01
1.000000000000000000e+00 1.291748233622985411e-05 4.290308992719801123e-02
1.000000000000000000e+00 3.709527327076578610e-04 5.537185625693895608e-01
2.000000000000000000e+00 5.589434565597072545e-04 8.359107971529144976e-01
1.000000000000000000e+00 5.509724817179500848e-04 4.122028466227831145e-01
2.000000000000000000e+00 1.046522122243884808e-04 1.960976230628987960e-01
1.000000000000000000e+00 4.575637291137578367e-05 8.505270901351526247e-02
1.000000000000000000e+00 3.451264042920765035e-04 5.332845276690508785e-01
1.000000000000000000e+00 3.115155011185955685e-04 6.290466723358186796e-01
1.000000000000000000e+00 3.489808674147266716e-04 5.536196775027998340e-01
1.000000000000000000e+00 2.363697951562381894e-04 8.078882623318445200e-01
1.000000000000000000e+00 1.083045835886165578e-04 9.150734585126198972e-01
2.000000000000000000e+00 9.704359730736156773e-04 7.971241640289714603e-01
1.000000000000000000e+00 3.150920550528305784e-05 8.298572596119430100e-02
1.000000000000000000e+00 1.522421630984630632e-04 4.141412934764627796e-01
1.000000000000000000e+00 2.739178068457078538e-04 6.102052138231319756e-01
1.000000000000000000e+00 2.171458523176110221e-05 9.575955230844088728e-01
1.000000000000000000e+00 2.707905847528385181e-04 9.625180650791301806e-01
2.000000000000000000e+00 3.518569417995674514e-06 3.741436279432062972e-02
2.000000000000000000e+00 8.921369547728185843e-05 7.623738472240754183e-01
2.000000000000000000e+00 1.502906238355974504e-05 2.113665132345353415e-01
2.000000000000000000e+00 1.297253630133741914e-05 2.017342608673310389e-01
2.000000000000000000e+00 9.669386217347906546e-08 1.855085112150621713e-04
2.000000000000000000e+00 4.636348964583891292e-06 5.784994946123436788e-02
1.000000000000000000e+00 4.441577902662021239e-04 9.744289877615545103e-01
1.000000000000000000e+00 3.303118855989458638e-04 9.211421966387598470e-01
1.000000000000000000e+00 1.463895317071815631e-03 8.220766194510051861e-01
1.000000000000000000e+00 8.018900659816320317e-04 8.691006863656376424e-01
1.000000000000000000e+00 3.848949791697200691e-05 6.695521144669894231e-02
1.000000000000000000e+00 9.755452259940357394e-04 6.485310313176220198e-01
1.000000000000000000e+00 1.449480322451727815e-04 5.557658874198043719e-01
1.000000000000000000e+00 7.684458062030144281e-05 6.872038445039778676e-01
1.000000000000000000e+00 7.829329386402529437e-05 6.676085002678138203e-01
1.000000000000000000e+00 1.144530042290008979e-05 1.031652312376169639e-01
1.000000000000000000e+00 6.262110363652219759e-06 2.310006994278793538e-02
1.000000000000000000e+00 4.567132184562704372e-05 2.436839043701487517e-01
1.000000000000000000e+00 8.685421915630699109e-04 6.400583587455391799e-01
1.000000000000000000e+00 3.130327134850538419e-04 3.751648280397643642e-01
2.000000000000000000e+00 2.728903277480352556e-06 2.637313283487181526e-01
1.000000000000000000e+00 3.841205957059511762e-05 1.695740832000284526e-01
1.000000000000000000e+00 1.041330199715357783e-04 2.778678918643906481e-01
1.000000000000000000e+00 2.015435285528381258e-04 3.604225387427086313e-01
1.000000000000000000e+00 2.341465259044699467e-04 9.435143763699564978e-01
1.000000000000000000e+00 1.627737699986940188e-04 9.678555485061072217e-01
1.000000000000000000e+00 1.378813374373836890e-04 2.176615588016714842e-01
1.000000000000000000e+00 1.575946428973062352e-05 3.857719697616519838e-02
1.000000000000000000e+00 1.701368804426889010e-03 9.696194912945568234e-01
2.000000000000000000e+00 2.017267052429764845e-05 2.534796015671436642e-01
1.000000000000000000e+00 3.935508194292747171e-05 4.994523472782853024e-01
2.000000000000000000e+00 8.181813067068554004e-06 1.452135174854937982e-01
1.000000000000000000e+00 7.960404329913065751e-05 3.719050856793683080e-01
2.000000000000000000e+00 1.496621861739911181e-05 7.056011537310047377e-01
1.000000000000000000e+00 7.167202426726421085e-05 5.910625258413223504e-01
