1.000000000000000000e+00 2.162680735775707229e-04 4.521649320019733853e-01
1.000000000000000000e+00 2.894348844682486807e-08 5.161542074649866965e-05
1.000000000000000000e+00 5.571583303618653400e-04 7.184660075552050662e-01
1.000000000000000000e+00 7.470517351573065045e-06 2.425021197308981774e-02
1.000000000000000000e+00 3.683769859935191564e-04 6.068248446079740344e-01
2.000000000000000000e+00 6.423757536228284640e-04 9.085764152702853202e-01
1.000000000000000000e+00 1.060531082173621614e-03 6.617710513453302079e-01
2.000000000000000000e+00 7.940316545047158608e-05 1.245257426500735870e-01
1.000000000000000000e+00 8.110403320270585846e-05 2.140490381205407966e-01
1.000000000000000000e+00 4.769563064274521028e-04 6.844746731805272377e-01
1.000000000000000000e+00 2.827851577133451747e-04 5.275279266716967896e-01
1.000000000000000000e+00 2.552830619123665386e-04 3.968144749508721314e-01
1.000000000000000000e+00 3.616706770752099427e-04 8.483689161486041019e-01
1.000000000000000000e+00 1.797841337190654414e-04 8.764225445386619739e-01
2.000000000000000000e+00 4.319883984516807870e-04 8.162078962790599856e-01
1.000000000000000000e+00 3.267408776409004166e-05 1.044985623873850161e-01
1.000000000000000000e+00 1.007396768654763322e-04 2.299551077027829071e-01
1.000000000000000000e+00 6.328823941599657100e-04 5.745523935878278365e-01
1.000000000000000000e+00 2.067277818746168574e-05 9.680598353950818913e-01
1.000000000000000000e+00 3.342816941906029166e-04 9.557927233914528253e-01
2.000000000000000000e+00 5.171777414836964897e-06 4.664250116616372455e-02
2.000000000000000000e+00 9.247914615146184353e-05 6.647552092577796445e-01
2.000000000000000000e+00 1.549961381141831064e-05 2.093169825460431399e-01
2.000000000000000000e+00 5.152587677037794287e-06 6.829836602501383747e-02
2.000000000000000000e+00 9.766818340079326657e-08 1.849791869539572713e-04
2.000000000000000000e+00 3.988692627879626846e-06 3.659613004029519528e-02
1.000000000000000000e+00 6.651614269124084700e-04 9.543201083530286066e-01
1.000000000000000000e+00 7.567502552631976678e-04 9.016763382392490866e-01
1.000000000000000000e+00 1.158486188825885070e-03 8.381857559535953461e-01
1.000000000000000000e+00 8.716446316400986013e-04 7.882837089523613283e-01
1.000000000000000000e+00 2.631558521427744313e-05 3.800749802883300610e-02
1.000000000000000000e+00 9.737683684994968315e-04 6.544570679973513716e-01
1.000000000000000000e+00 3.075436413461932954e-04 6.658948670774544887e-01
1.000000000000000000e+00 7.999541097133852597e-05 5.557990350943551316e-01
1.000000000000000000e+00 7.639708717445621892e-05 6.122024466237020457e-01
1.000000000000000000e+00 1.541712380570215899e-05 1.227055952761232915e-01
1.000000000000000000e+00 6.453197278499791765e-06 2.467021295567428663e-02
1.000000000000000000e+00 3.833236403513748874e-05 1.921850726809930521e-01
1.000000000000000000e+00 8.647605214589743159e-04 6.582229349718438094e-01
1.000000000000000000e+00 2.773612922414368364e-04 3.273263036961130967e-01
2.000000000000000000e+00 4.936032055243045694e-06 3.309902397735205448e-01
1.000000000000000000e+00 4.831303793823719033e-05 2.043839432130924449e-01
1.000000000000000000e+00 1.042995600474861686e-04 2.271839699156011083e-01
1.000000000000000000e+00 1.859788610763661891e-04 2.543650241562664949e-01
1.000000000000000000e+00 1.732544253245725096e-04 6.090374974546054476e-01
1.000000000000000000e+00 2.608885499307288572e-04 9.271615293734859486e-01
1.000000000000000000e+00 2.026093198634220695e-04 3.543265107606953790e-01
1.000000000000000000e+00 1.855127724779261436e-05 5.062764222498346983e-02
1.000000000000000000e+00 1.837835226748539118e-03 9.706916411826820301e-01
2.000000000000000000e+00 2.335070181624881140e-05 3.197159002183264098e-01
1.000000000000000000e+00 2.342009847914646779e-05 2.067138225254024075e-01
2.000000000000000000e+00 5.759701749319217479e-06 7.874754016909792098e-02
1.000000000000000000e+00 5.901467161515825050e-05 2.795364844783498892e-01
2.000000000000000000e+00 4.513196809419011118e-06 8.614001412277513814e-02
1.000000000000000000e+00 6.622671620619398705e-05 4.945098158903378782e-01
