1.000000000000000000e+00 2.495332731576636680e-04 7.503681715793649731e-01
1.000000000000000000e+00 2.345159379325157037e-06 4.638953583008223643e-03
1.000000000000000000e+00 4.817769654968341239e-04 6.948761656369463191e-01
1.000000000000000000e+00 1.829774573300827121e-05 6.913674734514230202e-02
1.000000000000000000e+00 3.663260490703467874e-04 4.865080526511194048e-01
2.000000000000000000e+00 5.118013428231966847e-04 9.462956384890355288e-01
1.000000000000000000e+00 8.024402972369826074e-04 7.436270809473908283e-01
2.000000000000000000e+00 1.856537663841447913e-04 4.503150156304274176e-01
1.000000000000000000e+00 5.884142928809502944e-05 1.859719484922036647e-01
1.000000000000000000e+00 1.102446430135360227e-04 2.556151773723119858e-01
1.000000000000000000e+00 2.784069068068468198e-04 6.475680106674184255e-01
1.000000000000000000e+00 2.853616436386254506e-04 5.935026653554440479e-01
1.000000000000000000e+00 2.880168079532326262e-04 9.039953256449856367e-01
1.000000000000000000e+00 9.480702079897482216e-05 8.954131164316491143e-01
2.000000000000000000e+00 5.623168211965096520e-04 8.178496826723669066e-01
1.000000000000000000e+00 5.938524234412831415e-05 1.395161166800910901e-01
1.000000000000000000e+00 1.205143209786098125e-04 3.859289407465830157e-01
1.000000000000000000e+00 3.636048264873181020e-04 7.041981600612978731e-01
1.000000000000000000e+00 2.485386872422451181e-05 8.213509127550623345e-01
1.000000000000000000e+00 1.028938626534102181e-04 9.872012088458484991e-01
2.000000000000000000e+00 6.671605581366361675e-06 9.442983156134789058e-02
2.000000000000000000e+00 7.713975064404495006e-05 7.873401770786508935e-01
2.000000000000000000e+00 2.746043956113823869e-05 3.779642863930454677e-01
2.000000000000000000e+00 1.543026620260236017e-05 3.205685780567051890e-01
2.000000000000000000e+00 7.923834226084038916e-06 3.476850884817292431e-02
2.000000000000000000e+00 8.859631135522568320e-06 2.283646054914655332e-01
1.000000000000000000e+00 2.857658069586220474e-04 9.769903143648830390e-01
1.000000000000000000e+00 2.925277711839596815e-04 8.251170968088908930e-01
1.000000000000000000e+00 9.353302449394520265e-04 9.875862921714892995e-01
1.000000000000000000e+00 5.081429989519455244e-04 9.235560002972325044e-01
1.000000000000000000e+00 4.167448188037958768e-05 1.017868922448881830e-01
1.000000000000000000e+00 8.738479484778631685e-04 8.429358382258392846e-01
1.000000000000000000e+00 2.388205253975350694e-04 9.115947769858162575e-01
1.000000000000000000e+00 7.366063790357261197e-05 7.028180343737372437e-01
1.000000000000000000e+00 5.870495020812550673e-05 5.733278868143395490e-01
1.000000000000000000e+00 2.966455938750992895e-06 1.976602686715205753e-02
1.000000000000000000e+00 1.394596235994521032e-05 9.062607660205455884e-02
1.000000000000000000e+00 7.672362648390257346e-05 3.487557394463227656e-01
1.000000000000000000e+00 6.814293930089951367e-04 7.771509190054050054e-01
1.000000000000000000e+00 2.503427608467616479e-04 3.265493002356968932e-01
2.000000000000000000e+00 1.967801828109658042e-06 1.502454059550611121e-01
1.000000000000000000e+00 3.849055637661283737e-05 1.556240748290121656e-01
1.000000000000000000e+00 1.188649467441451224e-04 5.499972949760851826e-01
1.000000000000000000e+00 2.083239867552640642e-04 4.734255157476159326e-01
1.000000000000000000e+00 2.836632004323758538e-04 8.863531595962855780e-01
1.000000000000000000e+00 1.152282020359239085e-04 9.503113755952478092e-01
1.000000000000000000e+00 2.210317060014186004e-04 4.681963884375341389e-01
1.000000000000000000e+00 3.623710491259572665e-05 1.139652893964889918e-01
1.000000000000000000e+00 1.083798552725675742e-03 9.728655634182233891e-01
2.000000000000000000e+00 2.537454337630398542e-05 3.445166574878694710e-01
1.000000000000000000e+00 3.265277093769192521e-05 3.968483692274151764e-01
2.000000000000000000e+00 9.699027267122506093e-06 1.849058643818934922e-01
1.000000000000000000e+00 5.977228064171797038e-05 3.179882540413443426e-01
2.000000000000000000e+00 1.699560406396261354e-05 8.338053448562222636e-01
1.000000000000000000e+00 5.933554770262246600e-05 4.777054987229512051e-01
