1.000000000000000000e+00 2.323994304959405401e-04 4.731565572240548079e-01
1.000000000000000000e+00 3.932349051953008498e-08 7.330017704161978758e-05
1.000000000000000000e+00 5.903622718141083138e-04 6.931846778719035207e-01
1.000000000000000000e+00 8.095382243204942682e-06 2.598996301600963246e-02
1.000000000000000000e+00 3.797339321430254645e-04 5.478834845685234267e-01
2.000000000000000000e+00 6.398845763979309730e-04 9.178572582388550005e-01
1.000000000000000000e+00 9.655068448551696377e-04 5.785083683113539932e-01
2.000000000000000000e+00 7.824728842001561118e-05 1.264685399482176065e-01
1.000000000000000000e+00 6.290119187872365717e-05 1.454341538215783158e-01
1.000000000000000000e+00 5.460519299188114220e-04 6.007368594539560513e-01
1.000000000000000000e+00 2.957872049112958771e-04 5.101979086223410453e-01
1.000000000000000000e+00 2.598281001609737328e-04 3.948665738478533971e-01
1.000000000000000000e+00 4.589388047879970297e-04 9.640423290607016416e-01
1.000000000000000000e+00 1.996005919839199732e-04 8.598930540328917349e-01
2.000000000000000000e+00 7.232437722839550349e-04 7.636480306019869380e-01
1.000000000000000000e+00 3.041080279776913064e-05 8.794185115312405654e-02
1.000000000000000000e+00 1.032506032244588981e-04 2.240859660379644347e-01
1.000000000000000000e+00 4.693922151331080049e-04 6.229716007204944006e-01
1.000000000000000000e+00 2.546077830128423735e-05 9.630721894238910563e-01
1.000000000000000000e+00 4.162951064948307604e-04 9.425938427965014910e-01
2.000000000000000000e+00 4.387854301809545900e-06 3.459045526237587015e-02
2.000000000000000000e+00 9.167806522895561780e-05 7.232324667879095337e-01
2.000000000000000000e+00 1.136778342136939417e-05 1.740148823153347957e-01
2.000000000000000000e+00 9.081097506550158302e-06 1.438864394873576869e-01
2.000000000000000000e+00 1.009266193546385953e-07 1.921113246975545601e-04
2.000000000000000000e+00 3.773901424388754310e-06 3.864197941691776411e-02
1.000000000000000000e+00 7.101582683445866904e-04 9.474106995367994610e-01
1.000000000000000000e+00 7.031914200767244195e-04 9.168594754847121386e-01
1.000000000000000000e+00 1.213680814892982053e-03 7.967300111303484700e-01
1.000000000000000000e+00 7.620781891841515434e-04 8.282886201487014155e-01
1.000000000000000000e+00 2.484638769141275509e-05 3.967529165185709750e-02
1.000000000000000000e+00 8.766997859497864705e-04 6.062304973164851507e-01
1.000000000000000000e+00 2.159791448043841817e-04 7.074902613553201158e-01
1.000000000000000000e+00 7.215570894294790166e-05 4.447462323231208270e-01
1.000000000000000000e+00 6.998002668129442579e-05 5.217622651040477733e-01
1.000000000000000000e+00 1.228197194252990759e-05 1.155634507131332728e-01
1.000000000000000000e+00 5.412670061105188360e-06 2.030903686720561541e-02
1.000000000000000000e+00 2.885406358473788983e-05 1.276420478738558295e-01
1.000000000000000000e+00 8.888393165964131402e-04 6.186266661810385648e-01
1.000000000000000000e+00 2.592003812180218971e-04 3.419884570115078737e-01
2.000000000000000000e+00 3.907708693111656690e-06 3.109083378175880319e-01
1.000000000000000000e+00 3.393037083758843590e-05 1.321735564869868373e-01
1.000000000000000000e+00 9.920884298863488684e-05 2.053700208690630580e-01
1.000000000000000000e+00 1.911839079131392441e-04 2.472665779503307182e-01
1.000000000000000000e+00 2.568599895283592239e-04 8.739880366228852671e-01
1.000000000000000000e+00 2.973118712887504308e-04 9.086351573157543937e-01
1.000000000000000000e+00 1.490990989220093948e-04 2.307454948485819779e-01
1.000000000000000000e+00 1.433596127442317212e-05 3.799480641223238614e-02
1.000000000000000000e+00 1.853582508966244687e-03 9.540998119480730288e-01
2.000000000000000000e+00 2.037423513116949061e-05 3.052491888813558818e-01
1.000000000000000000e+00 2.707069503671606054e-05 2.862290096111725912e-01
2.000000000000000000e+00 5.476102062923287971e-06 8.536935963318588449e-02
1.000000000000000000e+00 6.283753922486400088e-05 2.923556255775586754e-01
2.000000000000000000e+00 6.634996003955233791e-06 2.397581746209627718e-01
1.000000000000000000e+00 6.897548129050297178e-05 4.860876929886892572e-01
