1.000000000000000000e+00 2.268895594795116040e-04 4.624978562832878781e-01
1.000000000000000000e+00 2.839089753785822824e-08 5.295549794280773160e-05
1.000000000000000000e+00 6.045407260753940179e-04 6.788913316714872970e-01
1.000000000000000000e+00 7.741358880712595296e-06 2.451526573342048543e-02
1.000000000000000000e+00 3.632530821276077878e-04 5.246262250481961154e-01
2.000000000000000000e+00 6.848317138971193744e-04 9.185087574693974188e-01
1.000000000000000000e+00 1.131821039236140247e-03 6.146969785198939107e-01
2.000000000000000000e+00 7.890317203805125815e-05 1.236788087305334405e-01
1.000000000000000000e+00 6.374002064841765073e-05 1.597824362190179981e-01
1.000000000000000000e+00 5.533176463148954845e-04 5.888051882509874879e-01
1.000000000000000000e+00 2.951343151416501993e-04 4.856305501268586844e-01
1.000000000000000000e+00 2.504853653807278960e-04 3.708454619069702640e-01
1.000000000000000000e+00 5.000157768663788735e-04 9.702480760844824914e-01
1.000000000000000000e+00 2.202057665413523213e-04 8.469678484857419143e-01
2.000000000000000000e+00 5.591216533568267458e-04 7.302884254943992071e-01
1.000000000000000000e+00 2.997044451657933023e-05 8.178668740227323930e-02
1.000000000000000000e+00 9.203253701798730509e-05 1.971185622614389232e-01
1.000000000000000000e+00 5.709651206055819375e-04 5.712183731948949905e-01
1.000000000000000000e+00 2.662417548351273878e-05 9.606732040665407757e-01
1.000000000000000000e+00 4.316201925792461334e-04 9.393095416278011145e-01
2.000000000000000000e+00 4.867374409097945809e-06 5.246944857168726883e-02
2.000000000000000000e+00 8.906878773239538063e-05 6.737373359025314867e-01
2.000000000000000000e+00 1.592853578562293402e-05 1.938821180260656418e-01
2.000000000000000000e+00 5.835925179787554574e-06 7.833195507785190026e-02
2.000000000000000000e+00 1.084246029298991651e-07 2.097911641043462934e-04
2.000000000000000000e+00 4.003907201943071318e-06 4.517560705442549146e-02
1.000000000000000000e+00 7.476356386359041088e-04 9.428188920132581918e-01
1.000000000000000000e+00 7.661805651041663553e-04 9.102751552711586536e-01
1.000000000000000000e+00 1.262959387732252685e-03 8.321503378237760096e-01
1.000000000000000000e+00 8.221981314024196571e-04 8.193618690122417281e-01
1.000000000000000000e+00 2.318275503579542390e-05 3.280163442563399645e-02
1.000000000000000000e+00 9.151430580378061043e-04 6.120803705286478325e-01
1.000000000000000000e+00 2.839667882281771442e-04 6.955269066616218687e-01
1.000000000000000000e+00 7.073009496097042463e-05 4.211948853300139795e-01
1.000000000000000000e+00 6.831847653912525035e-05 4.820323290511710490e-01
1.000000000000000000e+00 8.592937541085844298e-06 7.221037439931431157e-02
1.000000000000000000e+00 5.220033299756774579e-06 1.992413559093511935e-02
1.000000000000000000e+00 2.758189799449105916e-05 1.130066269593571066e-01
1.000000000000000000e+00 8.885487354369366823e-04 6.394410073278264939e-01
1.000000000000000000e+00 2.265288747531508115e-04 2.856025081045918679e-01
2.000000000000000000e+00 4.315459311928643632e-06 2.948748520132402628e-01
1.000000000000000000e+00 3.226043139411841824e-05 1.188909652523613136e-01
1.000000000000000000e+00 9.801998099243355096e-05 1.984571070918152991e-01
1.000000000000000000e+00 1.912030577002651714e-04 2.389491174502664517e-01
1.000000000000000000e+00 2.682122108112018686e-04 8.766787397158537498e-01
1.000000000000000000e+00 3.411273912305094031e-04 8.963968060830340701e-01
1.000000000000000000e+00 1.625750213504016249e-04 2.511236493965297578e-01
1.000000000000000000e+00 1.370577947735930980e-05 3.593171761270689407e-02
1.000000000000000000e+00 1.886328762223449555e-03 9.512931824824851779e-01
2.000000000000000000e+00 2.474072095407909395e-05 3.263632472808806195e-01
1.000000000000000000e+00 2.552277417804652324e-05 2.532180526671808374e-01
2.000000000000000000e+00 5.031679831536635855e-06 6.552571158475095636e-02
1.000000000000000000e+00 4.613028824225358620e-05 2.197245422275681537e-01
2.000000000000000000e+00 4.311456092939281294e-06 9.491120934336221004e-02
1.000000000000000000e+00 6.108365162349161336e-05 4.251119491717155752e-01
