1.000000000000000000e+00 3.128806918752319918e-04 7.104128210687948863e-01
1.000000000000000000e+00 1.086099128174209032e-07 2.171425428544577314e-04
1.000000000000000000e+00 5.266138700556714921e-04 7.193219995711181980e-01
1.000000000000000000e+00 1.211543849023734514e-05 4.035017827148842939e-02
1.000000000000000000e+00 3.797443636083919325e-04 5.385290302080074643e-01
2.000000000000000000e+00 5.668334711511614733e-04 8.799618983448250775e-01
1.000000000000000000e+00 6.953357126978603050e-04 4.812446369084981135e-01
2.000000000000000000e+00 1.268230876880522423e-04 2.354898956183282821e-01
1.000000000000000000e+00 4.567042255846756106e-05 9.556404673445174913e-02
1.000000000000000000e+00 3.171373924845050703e-04 5.039523344293601603e-01
1.000000000000000000e+00 3.227090053687083158e-04 6.119059299490562376e-01
1.000000000000000000e+00 3.284726267243805176e-04 5.189775425197180603e-01
1.000000000000000000e+00 2.739567379959002890e-04 8.982198782889270205e-01
1.000000000000000000e+00 1.212254356834793442e-04 9.062177897748665556e-01
2.000000000000000000e+00 7.981553907072750633e-04 8.018344869145240805e-01
1.000000000000000000e+00 3.156252032262436282e-05 8.792123333232508553e-02
1.000000000000000000e+00 1.399620104919956315e-04 3.717669513527184222e-01
1.000000000000000000e+00 3.148624496928277431e-04 6.035542598519599844e-01
1.000000000000000000e+00 2.255141974804688565e-05 9.572947217454242930e-01
1.000000000000000000e+00 3.004327596661720895e-04 9.588922265817403368e-01
2.000000000000000000e+00 3.817685818486444145e-06 3.415518077252613360e-02
2.000000000000000000e+00 8.598618947572333245e-05 7.537732564353264442e-01
2.000000000000000000e+00 2.038535594040449925e-05 3.093906988669272717e-01
2.000000000000000000e+00 1.365967778422631422e-05 2.310056097843004586e-01
2.000000000000000000e+00 3.445747217801251204e-07 7.706472986499599692e-04
2.000000000000000000e+00 5.626717639915142854e-06 8.631966975186627922e-02
1.000000000000000000e+00 5.124595179779161411e-04 9.688309026296414439e-01
1.000000000000000000e+00 3.818147981094593404e-04 9.627768838742386537e-01
1.000000000000000000e+00 1.434915975462252137e-03 9.007401525442308987e-01
1.000000000000000000e+00 7.496804155858916192e-04 8.757369443774982720e-01
1.000000000000000000e+00 3.382583419799460562e-05 6.255034169335497996e-02
1.000000000000000000e+00 1.017505266871751406e-03 6.648040967484808439e-01
1.000000000000000000e+00 1.810242254675211793e-04 6.890992751500218949e-01
1.000000000000000000e+00 7.562628280412194174e-05 6.321978270352166529e-01
1.000000000000000000e+00 7.452482361547300255e-05 6.432879091318605136e-01
1.000000000000000000e+00 9.466778416018850072e-06 7.201089034886247464e-02
1.000000000000000000e+00 6.081916196318353144e-06 2.245606030893904093e-02
1.000000000000000000e+00 5.791672495037107485e-05 2.765402746151121582e-01
1.000000000000000000e+00 8.729697550305310673e-04 6.436466386150228036e-01
1.000000000000000000e+00 2.453441907525690554e-04 2.737975061979944225e-01
2.000000000000000000e+00 2.783026729632449167e-06 2.891300767233944136e-01
1.000000000000000000e+00 3.646617818073154846e-05 1.431291196459241466e-01
1.000000000000000000e+00 1.049025404020918290e-04 2.707694755607678583e-01
1.000000000000000000e+00 1.962172975975424430e-04 3.382236822059555004e-01
1.000000000000000000e+00 2.322212339789911687e-04 8.967009016953892964e-01
1.000000000000000000e+00 1.749115261207958346e-04 9.585243992542028524e-01
1.000000000000000000e+00 1.477083097935491876e-04 2.414853189709771919e-01
1.000000000000000000e+00 1.881084648416013838e-05 4.714238244672228767e-02
1.000000000000000000e+00 1.732597628596847317e-03 9.626501153703984626e-01
2.000000000000000000e+00 2.134943372587303552e-05 2.623705916949987671e-01
1.000000000000000000e+00 3.721169568054085027e-05 4.638071930654059094e-01
2.000000000000000000e+00 9.725755803856235107e-06 1.702469619341193396e-01
1.000000000000000000e+00 7.578726411341449982e-05 3.737732879919958284e-01
2.000000000000000000e+00 1.638823518127840924e-05 7.676278089166519436e-01
1.000000000000000000e+00 6.521438577327755596e-05 5.661471251923110293e-01
