1.000000000000000000e+00 2.268121348929415259e-04 4.646432310004389166e-01
1.000000000000000000e+00 2.683548958358918562e-08 5.008234335295058318e-05
1.000000000000000000e+00 5.883356307566871670e-04 7.018835383677493045e-01
1.000000000000000000e+00 7.519979493136225810e-06 2.440859068120093331e-02
1.000000000000000000e+00 3.725422785415892740e-04 5.620476345916860517e-01
2.000000000000000000e+00 6.753171228903933222e-04 9.207366249050639162e-01
1.000000000000000000e+00 1.099739571624046459e-03 6.336990946996655660e-01
2.000000000000000000e+00 8.035032838578637902e-05 1.264800209089981253e-01
1.000000000000000000e+00 7.210338520446872936e-05 1.913320120981119032e-01
1.000000000000000000e+00 5.180049233249662578e-04 6.332349847613615301e-01
1.000000000000000000e+00 2.921658499973205135e-04 5.090473890546090008e-01
1.000000000000000000e+00 2.621631273788803829e-04 3.961188534096981018e-01
1.000000000000000000e+00 4.220609560631430768e-04 9.347652673549168290e-01
1.000000000000000000e+00 1.971002488552449979e-04 8.633481010302932468e-01
2.000000000000000000e+00 5.018889723831268480e-04 7.721981762480637501e-01
1.000000000000000000e+00 3.113532178838351590e-05 9.611212599268968704e-02
1.000000000000000000e+00 9.599083428468405566e-05 2.126745192590203948e-01
1.000000000000000000e+00 5.962017180652808262e-04 5.775760401472737060e-01
1.000000000000000000e+00 2.336522514946794504e-05 9.672397133658319213e-01
1.000000000000000000e+00 3.850505184491838742e-04 9.477237553054810304e-01
2.000000000000000000e+00 4.875597304684949723e-06 4.479407292195871498e-02
2.000000000000000000e+00 8.972412613787547782e-05 6.685619833468572359e-01
2.000000000000000000e+00 1.500288307840977568e-05 2.019102543365921543e-01
2.000000000000000000e+00 6.007022206947856676e-06 8.554606696329453142e-02
2.000000000000000000e+00 1.030557187412374891e-07 1.977299810298185554e-04
2.000000000000000000e+00 4.123219119395025011e-06 4.176804225618427346e-02
1.000000000000000000e+00 7.047733807741299013e-04 9.491687645712821864e-01
1.000000000000000000e+00 7.613599183639833566e-04 9.040063859772130561e-01
1.000000000000000000e+00 1.213610007046882341e-03 8.370044730561612134e-01
1.000000000000000000e+00 8.378898147808309937e-04 8.038738091475328140e-01
1.000000000000000000e+00 2.527042707735575658e-05 3.604660909898158017e-02
1.000000000000000000e+00 8.701576632098831539e-04 5.800459300248532735e-01
1.000000000000000000e+00 2.889195895025991907e-04 6.878769806036730827e-01
1.000000000000000000e+00 7.558111543117155911e-05 4.855408796200710309e-01
1.000000000000000000e+00 7.194703561198144317e-05 5.436782410946696675e-01
1.000000000000000000e+00 1.208813109989035676e-05 1.010815205837014563e-01
1.000000000000000000e+00 5.850126292391361605e-06 2.217997750529971182e-02
1.000000000000000000e+00 3.207576759762093666e-05 1.443471959937082105e-01
1.000000000000000000e+00 8.737465494018624435e-04 6.489653232636153346e-01
1.000000000000000000e+00 2.512548786042440637e-04 3.034290400587189573e-01
2.000000000000000000e+00 4.551607896600956770e-06 3.259595371263568908e-01
1.000000000000000000e+00 4.011100903656661626e-05 1.602226660351869780e-01
1.000000000000000000e+00 1.003345438691326914e-04 2.126722305577501138e-01
1.000000000000000000e+00 1.874549435052321519e-04 2.449152539425391018e-01
1.000000000000000000e+00 2.190589272389841641e-04 7.310348070997809700e-01
1.000000000000000000e+00 2.937469899766409769e-04 9.139477582440892478e-01
1.000000000000000000e+00 1.802273186585712716e-04 2.931438090837532040e-01
1.000000000000000000e+00 1.579148105922605565e-05 4.216233309964542014e-02
1.000000000000000000e+00 1.845478666868478196e-03 9.614728105644895217e-01
2.000000000000000000e+00 2.343864160026915114e-05 3.206538120870623398e-01
1.000000000000000000e+00 2.410444011868060710e-05 2.261720785310812332e-01
2.000000000000000000e+00 5.693641190689282931e-06 7.745715568398410522e-02
1.000000000000000000e+00 4.950306877651688812e-05 2.382633293377658945e-01
2.000000000000000000e+00 4.518239983534112807e-06 9.751163915078189803e-02
1.000000000000000000e+00 6.290603183778872300e-05 4.628345928222802330e-01
