1.000000000000000000e+00 2.182074246935968519e-04 4.539008044673390474e-01
1.000000000000000000e+00 2.988202145206532794e-08 5.441720117778596868e-05
1.000000000000000000e+00 5.699311864999726668e-04 7.052797295070277750e-01
1.000000000000000000e+00 7.548936751908426595e-06 2.454374069582659218e-02
1.000000000000000000e+00 3.650830143672013721e-04 5.868350172133212084e-01
2.000000000000000000e+00 6.465032374996198920e-04 9.098240108570946338e-01
1.000000000000000000e+00 1.087208149734629741e-03 6.427361722714184378e-01
2.000000000000000000e+00 7.857986879293999555e-05 1.231617901165934920e-01
1.000000000000000000e+00 7.509600289698313688e-05 1.964151411240232514e-01
1.000000000000000000e+00 5.049243895655409781e-04 6.510820157967354138e-01
1.000000000000000000e+00 2.885304940895934618e-04 5.114765125035433124e-01
1.000000000000000000e+00 2.510422869199473682e-04 3.840823841122288917e-01
1.000000000000000000e+00 4.008312920788551729e-04 9.111386150377788207e-01
1.000000000000000000e+00 1.954308761974664875e-04 8.652303543598915958e-01
2.000000000000000000e+00 4.840263446700869901e-04 7.841005138685243070e-01
1.000000000000000000e+00 3.160652809295151823e-05 9.947942831404180120e-02
1.000000000000000000e+00 9.732509146322574039e-05 2.168801056689204088e-01
1.000000000000000000e+00 6.182681048226945208e-04 5.775411969221876385e-01
1.000000000000000000e+00 2.238846449773811752e-05 9.687602042638220334e-01
1.000000000000000000e+00 3.693133172245869505e-04 9.501744636795965704e-01
2.000000000000000000e+00 5.056143472682781300e-06 4.722206807514059412e-02
2.000000000000000000e+00 9.146500303192734924e-05 6.648794326553538747e-01
2.000000000000000000e+00 1.584678938850282723e-05 2.049835059880295018e-01
2.000000000000000000e+00 5.245337063064196492e-06 7.026935704223397083e-02
2.000000000000000000e+00 1.013563778024323370e-07 1.935829424746184806e-04
2.000000000000000000e+00 3.984178425196442918e-06 3.807324727477902349e-02
1.000000000000000000e+00 6.945832085730476411e-04 9.507548534923562222e-01
1.000000000000000000e+00 7.644367350588981459e-04 9.024460182468485581e-01
1.000000000000000000e+00 1.195895965429539251e-03 8.355901967043013467e-01
1.000000000000000000e+00 8.546907834424747035e-04 7.953698634603697526e-01
1.000000000000000000e+00 2.507260629158751173e-05 3.600236087618181868e-02
1.000000000000000000e+00 9.801627052067110862e-04 6.629141725686280573e-01
1.000000000000000000e+00 3.025424357961110488e-04 6.722707088665664799e-01
1.000000000000000000e+00 7.719141947681884032e-05 5.058713451543955797e-01
1.000000000000000000e+00 7.385850530618225584e-05 5.630104790798451386e-01
1.000000000000000000e+00 1.321665042035307992e-05 1.062692725090445128e-01
1.000000000000000000e+00 6.061345739825865486e-06 2.298908858971753302e-02
1.000000000000000000e+00 3.369338683944795697e-05 1.564413779219965273e-01
1.000000000000000000e+00 8.710606466483664708e-04 6.501371890062406234e-01
1.000000000000000000e+00 2.595437137632531375e-04 3.099767608981320866e-01
2.000000000000000000e+00 4.752536735627769767e-06 3.162776029602041294e-01
1.000000000000000000e+00 4.261879261106355849e-05 1.716003127870365796e-01
1.000000000000000000e+00 1.015865704465444656e-04 2.144386933914261273e-01
1.000000000000000000e+00 1.879051757739674409e-04 2.481808894804771459e-01
1.000000000000000000e+00 2.042606144639654399e-04 6.826795269545360423e-01
1.000000000000000000e+00 2.845824156145086497e-04 9.179176217173606878e-01
1.000000000000000000e+00 1.880178911814509675e-04 3.123744883924980398e-01
1.000000000000000000e+00 1.660403766173148654e-05 4.457509004021860399e-02
1.000000000000000000e+00 1.852751830220454587e-03 9.634985658200823089e-01
2.000000000000000000e+00 2.405449255968989102e-05 3.238494303154129117e-01
1.000000000000000000e+00 2.416347469194320228e-05 2.237269359440266225e-01
2.000000000000000000e+00 5.436231691658770148e-06 7.122757726760996222e-02
1.000000000000000000e+00 5.635204253563722205e-05 2.672424757568579445e-01
2.000000000000000000e+00 4.491376163304692924e-06 8.976076695500974367e-02
1.000000000000000000e+00 6.506028665336409465e-05 4.713926304916529753e-01
