1.000000000000000000e+00 2.246359318166646747e-04 4.640728171176353167e-01
1.000000000000000000e+00 2.599799730733930530e-08 4.638686947425173788e-05
1.000000000000000000e+00 5.724674395666800447e-04 7.215702992319791287e-01
1.000000000000000000e+00 7.334468836626012263e-06 2.390556373329793746e-02
1.000000000000000000e+00 3.771535099035272509e-04 5.913517347790294698e-01
2.000000000000000000e+00 6.725410308450804203e-04 9.250391675940465852e-01
1.000000000000000000e+00 1.060530990760419085e-03 6.617710746667612165e-01
2.000000000000000000e+00 8.177486693248209413e-05 1.288289141070424471e-01
1.000000000000000000e+00 8.134156634455891603e-05 2.150333733818619308e-01
1.000000000000000000e+00 4.776819122628532944e-04 6.808972298471958062e-01
1.000000000000000000e+00 2.850422726488547730e-04 5.342803413873031815e-01
1.000000000000000000e+00 2.700404326101697836e-04 4.156131219691562295e-01
1.000000000000000000e+00 3.609117502260852494e-04 8.486470807673824890e-01
1.000000000000000000e+00 1.743533053007188718e-04 8.795192048607834989e-01
2.000000000000000000e+00 4.266037120297442014e-04 8.203622226548265006e-01
1.000000000000000000e+00 3.265540669159415694e-05 1.022376949420390618e-01
1.000000000000000000e+00 1.009834530751420794e-04 2.316571551057130529e-01
1.000000000000000000e+00 6.136952339648364761e-04 5.590455832823897353e-01
1.000000000000000000e+00 2.073253064280998722e-05 9.716481095276727764e-01
1.000000000000000000e+00 3.332434818332600255e-04 9.563309745176405974e-01
2.000000000000000000e+00 5.015097976319829395e-06 4.438486439712210213e-02
2.000000000000000000e+00 8.960571962970887078e-05 6.612602454703259136e-01
2.000000000000000000e+00 1.484365902347143480e-05 2.087767795284601602e-01
2.000000000000000000e+00 5.198529399795344344e-06 6.733118887304806455e-02
2.000000000000000000e+00 9.759844293858654165e-08 1.848474600798774353e-04
2.000000000000000000e+00 4.127454063524035348e-06 3.974439655177394726e-02
1.000000000000000000e+00 6.609146064289343802e-04 9.545393227344605158e-01
1.000000000000000000e+00 7.512396985350978289e-04 9.016832481756869022e-01
1.000000000000000000e+00 1.158526466478632631e-03 8.400982911260411745e-01
1.000000000000000000e+00 8.649408342470421302e-04 7.918533165883478997e-01
1.000000000000000000e+00 2.744226286104219038e-05 3.943033707330372700e-02
1.000000000000000000e+00 8.504919370616033196e-04 5.743620320129865231e-01
1.000000000000000000e+00 3.006210503095042234e-04 6.778882784431754516e-01
1.000000000000000000e+00 7.995442351876530583e-05 5.593458408976742513e-01
1.000000000000000000e+00 7.567951050821642095e-05 6.154547146218859455e-01
1.000000000000000000e+00 1.455579556076637892e-05 1.196980569363497449e-01
1.000000000000000000e+00 6.427083754707242007e-06 2.462788124279641916e-02
1.000000000000000000e+00 3.815780309217398710e-05 1.918754303771484648e-01
1.000000000000000000e+00 8.635352843920668809e-04 6.616594889129774337e-01
1.000000000000000000e+00 2.774391934140348808e-04 3.272616995421767094e-01
2.000000000000000000e+00 4.839125738564057821e-06 3.490648694026927679e-01
1.000000000000000000e+00 4.867180780519545186e-05 2.095861768849199003e-01
1.000000000000000000e+00 1.037640754093413736e-04 2.311639084669851463e-01
1.000000000000000000e+00 1.837255424470086236e-04 2.520045631480115067e-01
1.000000000000000000e+00 1.725811499896758646e-04 6.166646443716436998e-01
1.000000000000000000e+00 2.589041007352368973e-04 9.278285562552804899e-01
1.000000000000000000e+00 2.017319276134227032e-04 3.517636925851408969e-01
1.000000000000000000e+00 1.847512341376667542e-05 5.025113780817306447e-02
1.000000000000000000e+00 1.818674632047704263e-03 9.687700807017906035e-01
2.000000000000000000e+00 2.274900334652731133e-05 3.167478157148371776e-01
1.000000000000000000e+00 2.247502084359948108e-05 1.900114446688025704e-01
2.000000000000000000e+00 6.279194186169886683e-06 9.209033170824633407e-02
1.000000000000000000e+00 5.167812712583942571e-05 2.434140350027982624e-01
2.000000000000000000e+00 4.549404132452937495e-06 9.231141844767934423e-02
1.000000000000000000e+00 6.429438040827302903e-05 4.937781276386151719e-01
