1.000000000000000000e+00 2.280911540385931148e-04 4.676472505954774039e-01
1.000000000000000000e+00 3.477749637067018759e-08 6.379975498802087602e-05
1.000000000000000000e+00 5.697090703787680835e-04 7.162933551850160230e-01
1.000000000000000000e+00 7.758762789358633491e-06 2.540543204326269414e-02
1.000000000000000000e+00 3.974399898406496862e-04 5.878538976921026116e-01
2.000000000000000000e+00 6.321872601752227122e-04 9.019813666773236482e-01
1.000000000000000000e+00 9.593907981989216330e-04 5.996220106000279548e-01
2.000000000000000000e+00 7.947096614825114767e-05 1.292574706207889057e-01
1.000000000000000000e+00 6.834429692018573947e-05 1.672477382249340505e-01
1.000000000000000000e+00 5.135687980058939494e-04 6.448384583440952555e-01
1.000000000000000000e+00 2.838474273754808654e-04 5.350732594506923956e-01
1.000000000000000000e+00 2.708504040006928684e-04 4.261254341550989033e-01
1.000000000000000000e+00 3.859847240448223849e-04 9.156910518088243744e-01
1.000000000000000000e+00 1.708840724695836642e-04 8.798257010745472728e-01
2.000000000000000000e+00 6.579275212586748866e-04 7.872486378646512684e-01
1.000000000000000000e+00 3.177086739364845959e-05 1.006612988538931885e-01
1.000000000000000000e+00 1.156828877211040722e-04 2.564213496547692595e-01
1.000000000000000000e+00 4.877214311621394537e-04 6.331256971609673379e-01
1.000000000000000000e+00 2.245318286863196675e-05 9.698991340700524599e-01
1.000000000000000000e+00 3.691463025169406352e-04 9.516186762443774594e-01
2.000000000000000000e+00 4.070042958052483192e-06 3.056680081109668795e-02
2.000000000000000000e+00 9.160333592634279699e-05 7.309398600777839983e-01
2.000000000000000000e+00 1.045664580530910774e-05 1.535566180628251676e-01
2.000000000000000000e+00 9.963275115342116195e-06 1.563913871263187816e-01
2.000000000000000000e+00 9.751990101989792950e-08 1.844746536264458376e-04
2.000000000000000000e+00 3.844230060378434587e-06 3.494080721672451761e-02
1.000000000000000000e+00 6.560740644156728626e-04 9.535097038009001658e-01
1.000000000000000000e+00 6.671817976898375586e-04 9.168329554482750332e-01
1.000000000000000000e+00 1.105326783863434673e-03 7.798958588249310653e-01
1.000000000000000000e+00 7.343430753461258629e-04 8.250587832523077481e-01
1.000000000000000000e+00 2.774358292660701421e-05 4.631710846367654427e-02
1.000000000000000000e+00 9.059203108391741159e-04 6.056496789600068764e-01
1.000000000000000000e+00 2.092370228844656738e-04 6.947541576452170853e-01
1.000000000000000000e+00 7.663928419534035252e-05 5.148831944949217032e-01
1.000000000000000000e+00 7.371096971996368155e-05 5.953563981753929868e-01
1.000000000000000000e+00 1.534922039195897375e-05 1.404985439635545175e-01
1.000000000000000000e+00 5.980668216863091929e-06 2.207027153316964280e-02
1.000000000000000000e+00 3.338104036186373771e-05 1.652627024918084109e-01
1.000000000000000000e+00 8.826392208874883714e-04 6.098415364303200192e-01
1.000000000000000000e+00 2.702144420949083282e-04 3.498328058596922308e-01
2.000000000000000000e+00 3.904190775432473769e-06 3.210777525283738942e-01
1.000000000000000000e+00 4.063848052561869168e-05 1.702170401820415069e-01
1.000000000000000000e+00 1.026331536953950117e-04 2.240952727598833905e-01
1.000000000000000000e+00 1.874855636731145435e-04 2.581640756340832232e-01
1.000000000000000000e+00 2.147197016454001621e-04 7.412747790188561892e-01
1.000000000000000000e+00 2.504039601556464585e-04 9.208877529051081590e-01
1.000000000000000000e+00 1.675851197271898481e-04 2.705155939071775539e-01
1.000000000000000000e+00 1.684513401632748033e-05 4.579994072765231072e-02
1.000000000000000000e+00 1.798842155269440683e-03 9.637026078781664173e-01
2.000000000000000000e+00 1.766811152387866778e-05 2.656760928878683647e-01
1.000000000000000000e+00 2.633937402729581915e-05 2.671579613842769430e-01
2.000000000000000000e+00 6.412531958953040925e-06 1.097028842417591410e-01
1.000000000000000000e+00 6.633302560584672424e-05 3.092759490787835297e-01
2.000000000000000000e+00 6.814023152393489604e-06 2.501464325765596075e-01
1.000000000000000000e+00 7.015537139812996433e-05 5.219091720414561486e-01
