1.000000000000000000e+00 1.839136369785888926e-04 6.513164548295962142e-01
1.000000000000000000e+00 4.327076434181288556e-07 1.110135596206315812e-03
1.000000000000000000e+00 5.606203989594031210e-04 6.423046788437183352e-01
1.000000000000000000e+00 1.512644619975576018e-05 5.512436085225532606e-02
1.000000000000000000e+00 3.956017262609614000e-04 4.528523253327099152e-01
2.000000000000000000e+00 5.824598577562419173e-04 8.842874164084331134e-01
1.000000000000000000e+00 8.069640195280333456e-04 7.431272849355395893e-01
2.000000000000000000e+00 1.728488059764352730e-04 3.955340639148877124e-01
1.000000000000000000e+00 5.518905832872566191e-05 1.683663102915878285e-01
1.000000000000000000e+00 5.900401552730864574e-05 1.324667528332710009e-01
1.000000000000000000e+00 3.227767891759220271e-04 8.420508883840943648e-01
1.000000000000000000e+00 2.796703662157876049e-04 6.024558613727390988e-01
1.000000000000000000e+00 3.572424513585387260e-04 9.014788127595879663e-01
1.000000000000000000e+00 1.106457222741471570e-04 8.877589353271959638e-01
2.000000000000000000e+00 6.185790484656476882e-04 7.992207796105738060e-01
1.000000000000000000e+00 6.830175573726089331e-05 1.585440432229227870e-01
1.000000000000000000e+00 1.135422883572644899e-04 3.550664805130491763e-01
1.000000000000000000e+00 4.186811476986310610e-04 7.562876482547769008e-01
1.000000000000000000e+00 2.854775291320717944e-05 7.506884550991865801e-01
1.000000000000000000e+00 1.148673827766215257e-04 9.911889530375849189e-01
2.000000000000000000e+00 6.903779286273431031e-06 9.613281476048568530e-02
2.000000000000000000e+00 7.735460218976173829e-05 8.130676937391424497e-01
2.000000000000000000e+00 2.781255089476235450e-05 3.122512636992227919e-01
2.000000000000000000e+00 1.359841637346927161e-05 3.017630487017952112e-01
2.000000000000000000e+00 1.121011793405835515e-05 5.728820966264999703e-02
2.000000000000000000e+00 9.747617368266912752e-06 2.349141430738080072e-01
1.000000000000000000e+00 3.625345775312811217e-04 9.749114153986881970e-01
1.000000000000000000e+00 2.597130455245443784e-04 9.141605861842962977e-01
1.000000000000000000e+00 8.236395791473677917e-04 9.570387517065925831e-01
1.000000000000000000e+00 4.492109274098832813e-04 8.755147094593793700e-01
1.000000000000000000e+00 3.326127266915811839e-05 7.501291539725950253e-02
1.000000000000000000e+00 7.892034762708769434e-04 7.921021501044912538e-01
1.000000000000000000e+00 2.865340874990036663e-04 9.520910947538483438e-01
1.000000000000000000e+00 7.611041200461700221e-05 7.007363570869626912e-01
1.000000000000000000e+00 4.437365782354631681e-05 3.275241609768333451e-01
1.000000000000000000e+00 1.629905734204838929e-06 1.319201017372692054e-02
1.000000000000000000e+00 1.823809395255168188e-05 1.528615840538961601e-01
1.000000000000000000e+00 7.479577606299281779e-05 3.131110646813846654e-01
1.000000000000000000e+00 6.699073275305057230e-04 7.557556667839439024e-01
1.000000000000000000e+00 2.680089821019525234e-04 3.365006150022072928e-01
2.000000000000000000e+00 1.109874935550227288e-06 5.151580708315081636e-02
1.000000000000000000e+00 3.540310638625347121e-05 1.311522087962728733e-01
1.000000000000000000e+00 1.218918663037579797e-04 5.828424043268163324e-01
1.000000000000000000e+00 2.130551234053550797e-04 4.534994659761063529e-01
1.000000000000000000e+00 4.455236167353333453e-04 7.812258458094860636e-01
1.000000000000000000e+00 1.382408860066972674e-04 9.356573959894431969e-01
1.000000000000000000e+00 2.298294633502846523e-04 5.022809633056489753e-01
1.000000000000000000e+00 5.761498466150357289e-05 2.026291932635435056e-01
1.000000000000000000e+00 1.104526650755655731e-03 9.730925179678416859e-01
2.000000000000000000e+00 3.055885136397392234e-05 4.919438185212894887e-01
1.000000000000000000e+00 2.083948560816122468e-05 1.926340910996427735e-01
2.000000000000000000e+00 9.320081374380304574e-06 1.746238637370938207e-01
1.000000000000000000e+00 4.304876245516408054e-05 1.984509144454061069e-01
2.000000000000000000e+00 1.343687733790031672e-05 6.697104466035416204e-01
1.000000000000000000e+00 6.677676709113019833e-05 4.756189636021093681e-01
