1.000000000000000000e+00 2.264318445224299892e-04 4.617383398241832193e-01
1.000000000000000000e+00 2.868021541156273615e-08 5.451767311906717165e-05
1.000000000000000000e+00 6.099369879402215429e-04 6.723580237374231494e-01
1.000000000000000000e+00 7.872263119386323829e-06 2.464623543214863877e-02
1.000000000000000000e+00 3.603794793376285358e-04 5.102363748941765031e-01
2.000000000000000000e+00 6.861104847343785880e-04 9.168990240269082603e-01
1.000000000000000000e+00 1.140385179175453824e-03 6.084096666793565866e-01
2.000000000000000000e+00 7.856285964708258768e-05 1.230219803374017207e-01
1.000000000000000000e+00 6.087324913257437063e-05 1.528955671175141195e-01
1.000000000000000000e+00 5.633967976261010976e-04 5.745854985119556169e-01
1.000000000000000000e+00 2.950508118236682287e-04 4.785151093322046467e-01
1.000000000000000000e+00 2.479322500146769544e-04 3.654257290781065537e-01
1.000000000000000000e+00 5.280434329587835839e-04 9.741926389560569000e-01
1.000000000000000000e+00 2.257453839977565670e-04 8.428091519546881960e-01
2.000000000000000000e+00 5.730870430582703928e-04 7.187161330509085344e-01
1.000000000000000000e+00 2.965500038987061717e-05 7.709394316271635239e-02
1.000000000000000000e+00 9.108668528261311425e-05 1.933640835146818171e-01
1.000000000000000000e+00 5.653705641453530889e-04 5.829123892828790288e-01
1.000000000000000000e+00 2.778488199871146264e-05 9.583583539957327702e-01
1.000000000000000000e+00 4.454033347945756120e-04 9.365327441366836370e-01
2.000000000000000000e+00 4.845900248927313567e-06 5.350665048852723538e-02
2.000000000000000000e+00 8.969975084117867009e-05 6.829527499128467127e-01
2.000000000000000000e+00 1.582936012370090694e-05 1.906640566391953895e-01
2.000000000000000000e+00 6.689403809313212891e-06 9.293626806290528064e-02
2.000000000000000000e+00 1.100604542998702436e-07 2.138222478731027808e-04
2.000000000000000000e+00 3.974719167272246555e-06 4.688557377381622621e-02
1.000000000000000000e+00 7.600200267650486508e-04 9.410872327826032002e-01
1.000000000000000000e+00 7.650558179775334170e-04 9.128823363265726742e-01
1.000000000000000000e+00 1.276786234952801595e-03 8.313005730410893968e-01
1.000000000000000000e+00 8.142253140782492122e-04 8.271358074347889833e-01
1.000000000000000000e+00 2.262878162169664755e-05 3.196498563753318034e-02
1.000000000000000000e+00 9.440050237625395016e-04 6.165528970466240821e-01
1.000000000000000000e+00 2.770056827218411190e-04 6.928351543972918192e-01
1.000000000000000000e+00 6.909100018058608912e-05 4.036387178109138163e-01
1.000000000000000000e+00 6.702626582642825744e-05 4.656936535538426791e-01
1.000000000000000000e+00 8.087310551507807582e-06 6.849843729718102514e-02
1.000000000000000000e+00 5.026787937110720398e-06 1.923368484659413249e-02
1.000000000000000000e+00 2.673240108388805377e-05 1.068537880250381433e-01
1.000000000000000000e+00 8.944179805607885975e-04 6.380541855550720953e-01
1.000000000000000000e+00 2.196787135123942484e-04 2.768554560218177141e-01
2.000000000000000000e+00 4.204555314164877345e-06 2.837555791753875178e-01
1.000000000000000000e+00 2.992937255658893956e-05 1.077884479709902005e-01
1.000000000000000000e+00 9.769731296398655054e-05 1.954806564675788949e-01
1.000000000000000000e+00 1.927507005384296161e-04 2.381582738944325872e-01
1.000000000000000000e+00 2.838393007779846356e-04 8.724477006977525706e-01
1.000000000000000000e+00 3.554001769928796274e-04 8.914288854852592259e-01
1.000000000000000000e+00 1.577205960957767442e-04 2.428957925638369486e-01
1.000000000000000000e+00 1.318531553083978827e-05 3.445721496735573708e-02
1.000000000000000000e+00 1.902261200017951997e-03 9.494959937118456761e-01
2.000000000000000000e+00 2.477059246088246923e-05 3.225363387401697368e-01
1.000000000000000000e+00 2.634347670067147863e-05 2.653434393961860982e-01
2.000000000000000000e+00 4.724069040413010447e-06 6.175041466671347956e-02
1.000000000000000000e+00 4.604801395129645448e-05 2.231484340503918085e-01
2.000000000000000000e+00 4.229013860982697517e-06 8.703493482412219540e-02
1.000000000000000000e+00 6.054779469928789066e-05 4.158564156151113855e-01
