1.000000000000000000e+00 2.105208054373625950e-04 4.396708959950363371e-01
1.000000000000000000e+00 3.937851413788318831e-08 6.962356661450120265e-05
1.000000000000000000e+00 5.545760061453216486e-04 7.236245494201162254e-01
1.000000000000000000e+00 7.802926217895189305e-06 2.511577969417859782e-02
1.000000000000000000e+00 3.693427599746562737e-04 6.068321655455490848e-01
2.000000000000000000e+00 6.800490624870128044e-04 8.175855619689736953e-01
1.000000000000000000e+00 1.047077650664582967e-03 6.723397134923614349e-01
2.000000000000000000e+00 7.615293595400804806e-05 1.178251844504059620e-01
1.000000000000000000e+00 6.578716679034275283e-05 1.657830859713590177e-01
1.000000000000000000e+00 4.683558155847303370e-04 7.049872597772456340e-01
1.000000000000000000e+00 2.802054414333513032e-04 5.285257735536884605e-01
1.000000000000000000e+00 2.531551614859190087e-04 3.904013801496810654e-01
1.000000000000000000e+00 3.476965624714800770e-04 7.898748130330141004e-01
1.000000000000000000e+00 1.818541922243792201e-04 8.731841222085819920e-01
2.000000000000000000e+00 4.598343243767605889e-04 8.064897690225655280e-01
1.000000000000000000e+00 3.201059368145023955e-05 1.034692516060285450e-01
1.000000000000000000e+00 1.048752165887375468e-04 2.402546653689217881e-01
1.000000000000000000e+00 7.078133596210814567e-04 6.731942685849183761e-01
1.000000000000000000e+00 1.932700966376280124e-05 9.353377127192141760e-01
1.000000000000000000e+00 3.212010178293871806e-04 9.583731778478775665e-01
2.000000000000000000e+00 5.204861550304776423e-06 5.013660769344562007e-02
2.000000000000000000e+00 9.079475079289901405e-05 6.342493483301417934e-01
2.000000000000000000e+00 1.843062870920948824e-05 2.257151977674585197e-01
2.000000000000000000e+00 5.951618651902422876e-06 7.926035972945912056e-02
2.000000000000000000e+00 9.644595956900062821e-08 1.818075782247387901e-04
2.000000000000000000e+00 4.190677169183017604e-06 3.924290443880089352e-02
1.000000000000000000e+00 6.565035607199749129e-04 9.552520796915651147e-01
1.000000000000000000e+00 7.738268053612127511e-04 9.005575111290569090e-01
1.000000000000000000e+00 1.123041707387401446e-03 8.129090727412086048e-01
1.000000000000000000e+00 8.372834794716270878e-04 7.530349585046415273e-01
1.000000000000000000e+00 2.677332607699519775e-05 3.928895369854141367e-02
1.000000000000000000e+00 1.002966745425767654e-03 6.801151177820028426e-01
1.000000000000000000e+00 3.206129825690238241e-04 6.722843717982946998e-01
1.000000000000000000e+00 8.243205741243041370e-05 5.712927359490852508e-01
1.000000000000000000e+00 7.772819364351223439e-05 6.244242381052661495e-01
1.000000000000000000e+00 1.516644346868556294e-05 1.269423390194777401e-01
1.000000000000000000e+00 6.910968184759322031e-06 2.713610828474244743e-02
1.000000000000000000e+00 3.890415792152439415e-05 2.025862029561912581e-01
1.000000000000000000e+00 8.776865611893982545e-04 6.421388640547549542e-01
1.000000000000000000e+00 2.958939602897792619e-04 3.441780375770067124e-01
2.000000000000000000e+00 5.300206650191100661e-06 3.541783644730389646e-01
1.000000000000000000e+00 4.547921496354395021e-05 1.858499623394305189e-01
1.000000000000000000e+00 1.040330778493752599e-04 2.223249423494411126e-01
1.000000000000000000e+00 1.867355281849480020e-04 2.469611273295360121e-01
1.000000000000000000e+00 1.599766212764136303e-04 5.632360223837775681e-01
1.000000000000000000e+00 2.648836941755848442e-04 9.568199169305062757e-01
1.000000000000000000e+00 2.135288876863374334e-04 3.761339950834236556e-01
1.000000000000000000e+00 1.899556858752609169e-05 5.068119713091977924e-02
1.000000000000000000e+00 1.877849381964673010e-03 9.713694314273906283e-01
2.000000000000000000e+00 2.562440640607864149e-05 3.309389010967225264e-01
1.000000000000000000e+00 2.180436473937917184e-05 1.810852137499334991e-01
2.000000000000000000e+00 4.654279951052706908e-06 6.293619556444883523e-02
1.000000000000000000e+00 6.734327687712011708e-05 3.215975691949329862e-01
2.000000000000000000e+00 4.737274582647105920e-06 1.035355025339461388e-01
1.000000000000000000e+00 6.816362152588170957e-05 4.974910417912262184e-01
