1.000000000000000000e+00 3.015492187175982004e-04 6.113788668907947921e-01
1.000000000000000000e+00 1.038263383963773011e-07 1.709856775442362823e-04
1.000000000000000000e+00 5.430330556267609588e-04 7.344573518771666532e-01
1.000000000000000000e+00 9.957461037912536511e-06 3.314366623824159530e-02
1.000000000000000000e+00 3.926075401832132138e-04 5.772842792774033338e-01
2.000000000000000000e+00 5.732737675377901727e-04 8.514203320009046116e-01
1.000000000000000000e+00 6.231068208362380715e-04 4.546260593835809161e-01
2.000000000000000000e+00 8.156608233731881864e-05 1.439775508048641017e-01
1.000000000000000000e+00 5.166643560033391656e-05 9.994518436308989784e-02
1.000000000000000000e+00 4.636744996796861025e-04 6.493950611488724656e-01
1.000000000000000000e+00 3.323920181099464157e-04 6.534756226143833002e-01
1.000000000000000000e+00 3.010347843061593432e-04 4.760169614814968586e-01
1.000000000000000000e+00 3.215344109081467029e-04 9.188866295870441459e-01
1.000000000000000000e+00 1.411863342484984943e-04 8.972976911125680743e-01
2.000000000000000000e+00 1.059007598960226733e-03 7.721722310418484003e-01
1.000000000000000000e+00 3.310435914772361213e-05 9.352043776230997696e-02
1.000000000000000000e+00 1.315037204769441278e-04 3.145238581658393873e-01
1.000000000000000000e+00 3.008687898028393200e-04 6.378309902301289025e-01
1.000000000000000000e+00 2.185384392121228622e-05 9.668843935996815908e-01
1.000000000000000000e+00 3.368176123057756328e-04 9.551589993656539601e-01
2.000000000000000000e+00 2.856584058410310254e-06 2.426330164687472146e-02
2.000000000000000000e+00 9.604976722547012768e-05 7.994473547240228406e-01
2.000000000000000000e+00 9.857608274651604252e-06 1.246972216802838679e-01
2.000000000000000000e+00 1.056498625836744753e-05 1.692142419704236178e-01
2.000000000000000000e+00 8.141965379285627895e-08 1.502279970963851232e-04
2.000000000000000000e+00 3.522804232597287895e-06 3.355102704474701575e-02
1.000000000000000000e+00 5.636596800666643240e-04 9.614754043000218742e-01
1.000000000000000000e+00 4.671688868485358078e-04 9.526778431224488530e-01
1.000000000000000000e+00 1.323632491801086768e-03 7.255911580111993331e-01
1.000000000000000000e+00 8.054824306328797756e-04 8.574664463168415462e-01
1.000000000000000000e+00 3.468781186170187764e-05 6.027274091131969852e-02
1.000000000000000000e+00 7.772521439819566518e-04 5.818878666579503367e-01
1.000000000000000000e+00 1.687520818693461139e-04 6.611455197250473148e-01
1.000000000000000000e+00 7.713505749359503489e-05 5.580561136317023774e-01
1.000000000000000000e+00 7.674014914205363374e-05 6.314415257150820526e-01
1.000000000000000000e+00 1.516051279517529589e-05 1.583550086153914516e-01
1.000000000000000000e+00 6.191522033175509164e-06 2.298437402066163399e-02
1.000000000000000000e+00 3.476609490117883993e-05 1.774817360063334626e-01
1.000000000000000000e+00 8.728649886456293352e-04 6.160692261759526112e-01
1.000000000000000000e+00 4.165839661306714966e-04 5.264200658025811608e-01
2.000000000000000000e+00 3.234698314500078669e-06 3.432443797973527833e-01
1.000000000000000000e+00 4.016912501986830608e-05 1.806262581937020939e-01
1.000000000000000000e+00 1.028778014587090076e-04 2.388556234093156538e-01
1.000000000000000000e+00 1.972432259852915373e-04 2.985004051170863648e-01
1.000000000000000000e+00 2.301062933374980319e-04 8.234808617121651686e-01
1.000000000000000000e+00 2.050027819912588834e-04 9.467491317624820990e-01
1.000000000000000000e+00 1.263799752837335515e-04 1.957892914050102795e-01
1.000000000000000000e+00 1.492724557470823594e-05 3.834176289393376180e-02
1.000000000000000000e+00 1.775632115777948505e-03 9.656335908127522405e-01
2.000000000000000000e+00 2.091182894705013876e-05 2.988761174152611000e-01
1.000000000000000000e+00 3.095308073054595289e-05 3.525763185389807486e-01
2.000000000000000000e+00 5.848929718576160745e-06 8.910527496246034573e-02
1.000000000000000000e+00 7.208590812639740293e-05 3.367293508351114073e-01
2.000000000000000000e+00 1.070005958356187579e-05 4.532950517445182848e-01
1.000000000000000000e+00 7.877381863590567253e-05 5.818734875171563958e-01
