1.000000000000000000e+00 2.145480812047483358e-04 4.484616384059727512e-01
1.000000000000000000e+00 3.111264100516439639e-08 5.620609816114425567e-05
1.000000000000000000e+00 5.595818468500417730e-04 7.106728331565631551e-01
1.000000000000000000e+00 7.574886376491330585e-06 2.458691528766093759e-02
1.000000000000000000e+00 3.638993756830968210e-04 5.999047934575922891e-01
2.000000000000000000e+00 6.352855814806099462e-04 8.889540705302879653e-01
1.000000000000000000e+00 1.074062762816144212e-03 6.507419142093956443e-01
2.000000000000000000e+00 7.801196511169312757e-05 1.220416531496959778e-01
1.000000000000000000e+00 7.647384689116084851e-05 2.005523848903298378e-01
1.000000000000000000e+00 4.915295353806495250e-04 6.687430771230873372e-01
1.000000000000000000e+00 2.854091840793175757e-04 5.166328181272088482e-01
1.000000000000000000e+00 2.488161882269565475e-04 3.842007223360854318e-01
1.000000000000000000e+00 3.808616475151239554e-04 8.816445038295197545e-01
1.000000000000000000e+00 1.900009231966670457e-04 8.691568524134389850e-01
2.000000000000000000e+00 4.648065422304616025e-04 7.966620979174251493e-01
1.000000000000000000e+00 3.202968263257087293e-05 1.027282248197831926e-01
1.000000000000000000e+00 9.910324921368495637e-05 2.231462841138932007e-01
1.000000000000000000e+00 6.361294045436821165e-04 5.878246241281454010e-01
1.000000000000000000e+00 2.143748872601281658e-05 9.703572872015124862e-01
1.000000000000000000e+00 3.526917063080656656e-04 9.528869457158770651e-01
2.000000000000000000e+00 5.144810056654564524e-06 4.727082389537777540e-02
2.000000000000000000e+00 9.263530050570317645e-05 6.621798039572446282e-01
2.000000000000000000e+00 1.610659415751505952e-05 2.094424418953902134e-01
2.000000000000000000e+00 5.266031176931026928e-06 7.121791214383811630e-02
2.000000000000000000e+00 9.958440471183421678e-08 1.895323128305443879e-04
2.000000000000000000e+00 3.965489109249406064e-06 3.671644497386536421e-02
1.000000000000000000e+00 6.815514922003081469e-04 9.525082623773677426e-01
1.000000000000000000e+00 7.641104672060417859e-04 9.018266616378414202e-01
1.000000000000000000e+00 1.176200007699817422e-03 8.349746526980134087e-01
1.000000000000000000e+00 8.610189831932945357e-04 7.891444683449412301e-01
1.000000000000000000e+00 2.539875553148321829e-05 3.664635381854298296e-02
1.000000000000000000e+00 1.029770771502738812e-03 6.927641053224258272e-01
1.000000000000000000e+00 3.078588957165637923e-04 6.661570506599840957e-01
1.000000000000000000e+00 7.874795527934049097e-05 5.284251923790865835e-01
1.000000000000000000e+00 7.532428142109476017e-05 5.852050622583492290e-01
1.000000000000000000e+00 1.446419514712840915e-05 1.153810204395299271e-01
1.000000000000000000e+00 6.287836090043681925e-06 2.397934046340420219e-02
1.000000000000000000e+00 3.575371794135282665e-05 1.721017284539634318e-01
1.000000000000000000e+00 8.693052632342082066e-04 6.518020924986533959e-01
1.000000000000000000e+00 2.691018251059598991e-04 3.186818002170918041e-01
2.000000000000000000e+00 4.891093743027731353e-06 3.193377519125521480e-01
1.000000000000000000e+00 4.488340064624991074e-05 1.834248581890182417e-01
1.000000000000000000e+00 1.028452247547772847e-04 2.185000148751845006e-01
1.000000000000000000e+00 1.876685613496831468e-04 2.508459655895579621e-01
1.000000000000000000e+00 1.888783789859864090e-04 6.410271344451113906e-01
1.000000000000000000e+00 2.740733150981439236e-04 9.243051586456090263e-01
1.000000000000000000e+00 1.957248295573979383e-04 3.324014857233330011e-01
1.000000000000000000e+00 1.750315442615876874e-05 4.726257332958740121e-02
1.000000000000000000e+00 1.853747479475657519e-03 9.666395900655141427e-01
2.000000000000000000e+00 2.410509841831931513e-05 3.235456277976505035e-01
1.000000000000000000e+00 2.395825342489590616e-05 2.177067017121410708e-01
2.000000000000000000e+00 5.339393728735543274e-06 7.048105628559286906e-02
1.000000000000000000e+00 6.072391606180134688e-05 2.882428221878828856e-01
2.000000000000000000e+00 4.517200800272625250e-06 8.687590533483541266e-02
1.000000000000000000e+00 6.631668751088320513e-05 4.826098471181635152e-01
