1.000000000000000000e+00 2.246237261827091470e-04 5.665983848005233803e-01
1.000000000000000000e+00 8.770416456421154420e-06 6.391036033112169890e-02
1.000000000000000000e+00 1.975845536490714374e-04 9.017621566870241967e-01
1.000000000000000000e+00 9.731372401760826865e-06 1.573981940078495179e-01
1.000000000000000000e+00 4.032873884041823548e-04 4.288136550171460226e-01
2.000000000000000000e+00 2.174576565892847614e-04 8.625555740602840471e-01
1.000000000000000000e+00 3.033482306160612376e-04 8.946339006725254617e-01
2.000000000000000000e+00 6.881184863080126723e-05 5.566213654520981713e-01
1.000000000000000000e+00 6.336507378227971144e-05 3.435286566659837559e-01
1.000000000000000000e+00 1.560287360291680921e-04 8.392746728357080022e-01
1.000000000000000000e+00 2.887871922475825841e-04 8.366972095724783953e-01
1.000000000000000000e+00 6.723454834225452408e-05 8.305730127716266509e-01
1.000000000000000000e+00 7.011250719072958254e-05 7.625205697198585986e-01
1.000000000000000000e+00 3.480815754268601223e-05 6.166525149855979215e-01
2.000000000000000000e+00 6.368875800906409305e-04 7.606750271276013775e-01
1.000000000000000000e+00 1.893732642084324126e-05 5.528486379080592705e-01
1.000000000000000000e+00 3.005409190939072628e-05 4.941770444074403135e-01
1.000000000000000000e+00 1.077669343761329825e-04 8.675984994509339243e-01
1.000000000000000000e+00 7.977173380721877094e-06 4.890899956226348877e-01
1.000000000000000000e+00 3.227152987010584108e-04 9.401144463250573624e-01
2.000000000000000000e+00 2.303510301207148389e-05 3.608461631647122414e-01
2.000000000000000000e+00 1.134394433316409523e-04 8.497195244198025854e-01
2.000000000000000000e+00 1.204091350064765541e-05 1.187908721718508587e-01
2.000000000000000000e+00 1.010266160637923075e-05 1.782070397540052309e-01
2.000000000000000000e+00 1.471727691577164607e-05 5.668448212182763957e-01
2.000000000000000000e+00 3.881730525035799970e-06 8.707155985680481436e-02
1.000000000000000000e+00 2.858661449836552256e-05 8.182600350832039959e-01
1.000000000000000000e+00 1.311729275942860335e-04 9.866671919017593329e-01
1.000000000000000000e+00 5.223623873961475610e-04 9.408248517075146200e-01
1.000000000000000000e+00 3.196311123618047188e-04 8.849304134202171657e-01
1.000000000000000000e+00 7.532720689108681486e-05 8.463491408272735272e-01
1.000000000000000000e+00 4.623174010780452996e-04 7.685390275170688179e-01
1.000000000000000000e+00 2.562188611576537100e-04 8.491539098648768213e-01
1.000000000000000000e+00 8.461140476463528161e-05 8.183639245885375724e-01
1.000000000000000000e+00 1.330763436998391085e-05 2.332175451774049779e-01
1.000000000000000000e+00 3.408074666775923296e-07 2.817048979203018097e-03
1.000000000000000000e+00 8.533468326117706447e-06 2.726480845847297219e-01
1.000000000000000000e+00 4.423057863057318070e-06 7.061281511604852734e-02
1.000000000000000000e+00 2.816929145532448206e-04 8.768972009904714149e-01
1.000000000000000000e+00 1.738611791799090094e-04 4.410972492913207699e-01
2.000000000000000000e+00 4.556040796702146534e-06 3.414947411974518787e-01
1.000000000000000000e+00 4.983326034369649324e-05 3.962545977864648794e-01
1.000000000000000000e+00 2.586071703858475743e-05 7.767278846269827230e-01
1.000000000000000000e+00 4.231073005401223160e-05 8.897346591044544839e-01
1.000000000000000000e+00 1.513129080007692630e-04 9.442936950644514882e-01
1.000000000000000000e+00 5.252493547975620018e-05 9.893294963435549372e-01
1.000000000000000000e+00 1.453834252216204884e-04 4.337206288304369384e-01
1.000000000000000000e+00 1.318585314707642759e-05 6.044859379561003943e-01
1.000000000000000000e+00 1.335744589666497525e-04 9.958114117252248043e-01
2.000000000000000000e+00 1.065677191306110827e-04 9.293894584474412524e-01
1.000000000000000000e+00 1.700026820711088177e-05 2.181048529842638251e-01
2.000000000000000000e+00 7.742750281002149946e-06 2.370789186038518848e-01
1.000000000000000000e+00 4.010667642714512321e-05 1.308871620735100327e-01
2.000000000000000000e+00 1.579440694423000387e-05 6.277031504460585110e-01
1.000000000000000000e+00 5.430991816825037841e-05 4.359025623982242248e-01
