1.000000000000000000e+00 2.220525326831584685e-04 4.560256904583623316e-01
1.000000000000000000e+00 3.170207627405765500e-08 5.788815484611200559e-05
1.000000000000000000e+00 6.053847593074186337e-04 6.700433374153269561e-01
1.000000000000000000e+00 7.876850414987199788e-06 2.468387425643046168e-02
1.000000000000000000e+00 3.535959564747896753e-04 5.145125223481860077e-01
2.000000000000000000e+00 6.779896730248864082e-04 9.179612887932917520e-01
1.000000000000000000e+00 1.140385198303808106e-03 6.084096608292954844e-01
2.000000000000000000e+00 7.741070404338478187e-05 1.207737179730135751e-01
1.000000000000000000e+00 6.099373651593686561e-05 1.486723827073020976e-01
1.000000000000000000e+00 5.638893182636072355e-04 5.749157373368404267e-01
1.000000000000000000e+00 2.945759163128129979e-04 4.757940773646626154e-01
1.000000000000000000e+00 2.405006144773028803e-04 3.542177276151665111e-01
1.000000000000000000e+00 5.295285911151726820e-04 9.741201397091148184e-01
1.000000000000000000e+00 2.298576625581263966e-04 8.403970897360903969e-01
2.000000000000000000e+00 5.757638335140679567e-04 7.169768142177219694e-01
1.000000000000000000e+00 2.965098091551515090e-05 7.602503344144552477e-02
1.000000000000000000e+00 9.093550516696126363e-05 1.921898753273546256e-01
1.000000000000000000e+00 5.665803661823870518e-04 5.681475062583101199e-01
1.000000000000000000e+00 2.782275400893023261e-05 9.581295210768049353e-01
1.000000000000000000e+00 4.460114260214534756e-04 9.362894054522771237e-01
2.000000000000000000e+00 4.916787798408585059e-06 5.754512878396197267e-02
2.000000000000000000e+00 8.939791916076855966e-05 6.769901944139724570e-01
2.000000000000000000e+00 1.701924552817938593e-05 1.907933716714446948e-01
2.000000000000000000e+00 5.289204599674518979e-06 6.621815841865921759e-02
2.000000000000000000e+00 1.101902117774462066e-07 2.140741946257816882e-04
2.000000000000000000e+00 3.857943318718882534e-06 4.385239730726312596e-02
1.000000000000000000e+00 7.627400391219314214e-04 9.408771292672553077e-01
1.000000000000000000e+00 7.682490142355773806e-04 9.127029795039920401e-01
1.000000000000000000e+00 1.277403369519596434e-03 8.293369420529312919e-01
1.000000000000000000e+00 8.219947451735270952e-04 8.239348855428443308e-01
1.000000000000000000e+00 2.229410182962830733e-05 3.149179445068489569e-02
1.000000000000000000e+00 1.018791552474686019e-03 6.849781091729022497e-01
1.000000000000000000e+00 2.881771188058667582e-04 6.861071758414873933e-01
1.000000000000000000e+00 6.912722965163747315e-05 4.018017635386594288e-01
1.000000000000000000e+00 6.730761080693768706e-05 4.635059889081420414e-01
1.000000000000000000e+00 7.298043208317513138e-06 6.070852747122544579e-02
1.000000000000000000e+00 5.008201754107420695e-06 1.920413670901462491e-02
1.000000000000000000e+00 2.637253628457946904e-05 1.049696555579291424e-01
1.000000000000000000e+00 8.950948161978870875e-04 6.362938263098802949e-01
1.000000000000000000e+00 2.189387792996485042e-04 2.754021750595024298e-01
2.000000000000000000e+00 4.277074279909869736e-06 2.739886337092037882e-01
1.000000000000000000e+00 2.978344403959789634e-05 1.055800366762231768e-01
1.000000000000000000e+00 9.758032021929500676e-05 1.935011365308417219e-01
1.000000000000000000e+00 1.931331812142820061e-04 2.370569406696819703e-01
1.000000000000000000e+00 2.851584817966315989e-04 8.719241971896013466e-01
1.000000000000000000e+00 3.612872807385426681e-04 8.893891105798561458e-01
1.000000000000000000e+00 1.581883965988250130e-04 2.433361493201733339e-01
1.000000000000000000e+00 1.313164761567496605e-05 3.425217416059736508e-02
1.000000000000000000e+00 1.910736890562562832e-03 9.494995618275184901e-01
2.000000000000000000e+00 2.582255279949309884e-05 3.322436145412658304e-01
1.000000000000000000e+00 2.631850546986013901e-05 2.597677414713794319e-01
2.000000000000000000e+00 4.515816109192959949e-06 5.792464757927763552e-02
1.000000000000000000e+00 4.699245984801928895e-05 2.196988144587208591e-01
2.000000000000000000e+00 4.151195844785772898e-06 9.196557350430623057e-02
1.000000000000000000e+00 6.101959254728269762e-05 4.100260361587574898e-01
