1.000000000000000000e+00 2.270510214946653736e-04 4.638719665097183475e-01
1.000000000000000000e+00 3.292629461901907044e-08 6.304780604215306161e-05
1.000000000000000000e+00 6.059507869432921709e-04 6.744762646032557152e-01
1.000000000000000000e+00 7.928446584744344367e-06 2.489835669127593576e-02
1.000000000000000000e+00 3.684933102075526896e-04 5.155510687269539982e-01
2.000000000000000000e+00 6.681863175438604308e-04 9.117243296454594637e-01
1.000000000000000000e+00 1.114049793998991541e-03 6.033149661003828212e-01
2.000000000000000000e+00 7.813206683633257374e-05 1.236944808784382760e-01
1.000000000000000000e+00 6.042866367414187272e-05 1.475141462580550900e-01
1.000000000000000000e+00 5.649302532004121889e-04 5.743042671604564609e-01
1.000000000000000000e+00 2.932079443934755038e-04 4.837357620487481302e-01
1.000000000000000000e+00 2.492187453414630260e-04 3.712067109223908812e-01
1.000000000000000000e+00 5.218850694821154093e-04 9.745585271573715680e-01
1.000000000000000000e+00 2.202289103523639329e-04 8.464609619032446020e-01
2.000000000000000000e+00 6.080398655718406535e-04 7.266531614339027945e-01
1.000000000000000000e+00 2.969452500326500040e-05 7.744399204242005674e-02
1.000000000000000000e+00 9.611723912643330993e-05 2.035949610054415826e-01
1.000000000000000000e+00 5.243077167798382895e-04 5.959162299051649070e-01
1.000000000000000000e+00 2.777767512423012276e-05 9.585170092711502443e-01
1.000000000000000000e+00 4.451818597543637907e-04 9.368409276581510792e-01
2.000000000000000000e+00 4.685785043604452185e-06 4.502186183696015725e-02
2.000000000000000000e+00 9.004078639283358125e-05 6.995402189212452937e-01
2.000000000000000000e+00 1.317820211813523193e-05 1.984259167106693922e-01
2.000000000000000000e+00 8.089624274940911494e-06 1.219210126896352192e-01
2.000000000000000000e+00 1.088283821009697381e-07 2.093318634103532964e-04
2.000000000000000000e+00 3.852932231138475188e-06 4.477882147387597656e-02
1.000000000000000000e+00 7.515269677382161416e-04 9.417518783611534827e-01
1.000000000000000000e+00 7.456347578211086104e-04 9.156972347235254883e-01
1.000000000000000000e+00 1.248451880831305061e-03 8.192408436970866070e-01
1.000000000000000000e+00 7.787125489188243292e-04 8.340170476866828331e-01
1.000000000000000000e+00 2.304971353347304208e-05 3.452110120934476223e-02
1.000000000000000000e+00 9.539121215312781074e-04 6.341768485641906539e-01
1.000000000000000000e+00 2.442660788997939609e-04 6.950293736423377444e-01
1.000000000000000000e+00 6.906612488453613564e-05 4.050894134924345469e-01
1.000000000000000000e+00 6.744742440763489694e-05 4.739801533665530808e-01
1.000000000000000000e+00 8.785775537158425130e-06 7.928925759416455277e-02
1.000000000000000000e+00 5.014016197517028034e-06 1.909438400701736482e-02
1.000000000000000000e+00 2.665324169239600323e-05 1.087103178245892171e-01
1.000000000000000000e+00 8.973924611480876010e-04 6.236473577002017432e-01
1.000000000000000000e+00 2.228282679155386601e-04 2.833358755342819668e-01
2.000000000000000000e+00 3.992193699520754784e-06 2.867696475815231794e-01
1.000000000000000000e+00 2.959658541721470383e-05 1.079942355848963337e-01
1.000000000000000000e+00 9.787725389167008293e-05 1.963852077874908286e-01
1.000000000000000000e+00 1.928080476407119739e-04 2.405300212167144069e-01
1.000000000000000000e+00 2.856853013798345948e-04 8.749678199540283918e-01
1.000000000000000000e+00 3.431626075154716230e-04 8.927793944491786426e-01
1.000000000000000000e+00 1.539137839246517434e-04 2.363422934978358092e-01
1.000000000000000000e+00 1.320331845698659465e-05 3.459290371925231172e-02
1.000000000000000000e+00 1.890985938087701461e-03 9.495792258216728676e-01
2.000000000000000000e+00 2.216261661134599645e-05 3.079071334822719441e-01
1.000000000000000000e+00 2.674782614806336435e-05 2.800100781365472691e-01
2.000000000000000000e+00 5.224741604586261010e-06 7.861625914838238360e-02
1.000000000000000000e+00 5.354547093709655325e-05 2.505792178241718071e-01
2.000000000000000000e+00 5.322845514877008411e-06 1.605073484902274639e-01
1.000000000000000000e+00 6.262841439326891004e-05 4.328260403607539497e-01
