1.000000000000000000e+00 2.134282791640902720e-04 4.421485523601922929e-01
1.000000000000000000e+00 4.020377063664990816e-08 7.153521910193971496e-05
1.000000000000000000e+00 5.665846104371959849e-04 7.106681279368143311e-01
1.000000000000000000e+00 7.800105864405298663e-06 2.516171380540281957e-02
1.000000000000000000e+00 3.656725841062581986e-04 5.834628824588310447e-01
2.000000000000000000e+00 6.788165846434429792e-04 8.275813250347913153e-01
1.000000000000000000e+00 1.074150002251113420e-03 6.508384619554453687e-01
2.000000000000000000e+00 7.586289115802654975e-05 1.177236906271960648e-01
1.000000000000000000e+00 6.325625328608781492e-05 1.573226003478039869e-01
1.000000000000000000e+00 4.961363097234027355e-04 6.694680708780205158e-01
1.000000000000000000e+00 2.866917849604400689e-04 5.136826784399918244e-01
1.000000000000000000e+00 2.497599475301213187e-04 3.801468077290994785e-01
1.000000000000000000e+00 3.837778425286246888e-04 8.746695414193343954e-01
1.000000000000000000e+00 1.959970533706448183e-04 8.634769749844357634e-01
2.000000000000000000e+00 5.041630888362129805e-04 7.777186662960756669e-01
1.000000000000000000e+00 3.124789087970263746e-05 1.012302635955562025e-01
1.000000000000000000e+00 1.006375542902460048e-04 2.253512928865532283e-01
1.000000000000000000e+00 6.777840088520759336e-04 6.588542178368379520e-01
1.000000000000000000e+00 2.109459372420482200e-05 9.638000827933907999e-01
1.000000000000000000e+00 3.558902530299932077e-04 9.526455613937999667e-01
2.000000000000000000e+00 5.080367270642956194e-06 4.941402780702269099e-02
2.000000000000000000e+00 9.017396328056821839e-05 6.405572138926944881e-01
2.000000000000000000e+00 1.843203982925970140e-05 2.183534777230110857e-01
2.000000000000000000e+00 5.975123077099829969e-06 8.145423815404667645e-02
2.000000000000000000e+00 9.999987974547063292e-08 1.903629609308025040e-04
2.000000000000000000e+00 4.167488337111357575e-06 4.051502618739005052e-02
1.000000000000000000e+00 6.849813299873697657e-04 9.520271384014726834e-01
1.000000000000000000e+00 7.768814299883913463e-04 9.007193635466735904e-01
1.000000000000000000e+00 1.166662906252530435e-03 8.194429915962463395e-01
1.000000000000000000e+00 8.271379149612970811e-04 7.653387346206439457e-01
1.000000000000000000e+00 2.554444374272141227e-05 3.707891481833650027e-02
1.000000000000000000e+00 1.003689592437265578e-03 6.849289770548621092e-01
1.000000000000000000e+00 3.137536599921576081e-04 6.755034857202144583e-01
1.000000000000000000e+00 7.947567979759559615e-05 5.223081912380356240e-01
1.000000000000000000e+00 7.516064841634822146e-05 5.749957367555891263e-01
1.000000000000000000e+00 1.303299496692861507e-05 1.097871369170598799e-01
1.000000000000000000e+00 6.452324302994597414e-06 2.499367431297501094e-02
1.000000000000000000e+00 3.441289700779081483e-05 1.654484226237035727e-01
1.000000000000000000e+00 8.807522186749044101e-04 6.357795817934127625e-01
1.000000000000000000e+00 2.749480512588515580e-04 3.225518749545078223e-01
2.000000000000000000e+00 5.040917896076651401e-06 3.339202464199179654e-01
1.000000000000000000e+00 4.076498248227887369e-05 1.595787007099496169e-01
1.000000000000000000e+00 1.014675981395277312e-04 2.115571718039840066e-01
1.000000000000000000e+00 1.882585112716965415e-04 2.422912498810205761e-01
1.000000000000000000e+00 1.900880205992418626e-04 6.346332243896029013e-01
1.000000000000000000e+00 2.865623792634783415e-04 9.401252136538013060e-01
1.000000000000000000e+00 1.976556717076006782e-04 3.296597709944008026e-01
1.000000000000000000e+00 1.709690209160764430e-05 4.525879033767991888e-02
1.000000000000000000e+00 1.882335303915671880e-03 9.659066796097478536e-01
2.000000000000000000e+00 2.606813884956002867e-05 3.341583841204894267e-01
1.000000000000000000e+00 2.279203943711638516e-05 1.994111151583489727e-01
2.000000000000000000e+00 4.499070270063023261e-06 6.027239438752628187e-02
1.000000000000000000e+00 6.284888248698472491e-05 2.988570502971554244e-01
2.000000000000000000e+00 4.712793632267568168e-06 1.035463599899023313e-01
1.000000000000000000e+00 6.673312401495799752e-05 4.778933055710035682e-01
