1.000000000000000000e+00 2.253857341958017681e-04 4.654956142702430522e-01
1.000000000000000000e+00 2.534574441402832015e-08 4.814963349515745053e-05
1.000000000000000000e+00 5.762582107916246719e-04 7.196925808710760153e-01
1.000000000000000000e+00 7.667009313294028680e-06 2.510032791651820722e-02
1.000000000000000000e+00 3.792428008513431528e-04 5.788921299143257038e-01
2.000000000000000000e+00 6.569391581901968830e-04 9.150527341221749156e-01
1.000000000000000000e+00 1.074052145331816062e-03 6.507447433384485613e-01
2.000000000000000000e+00 8.126106009860448523e-05 1.284256952271925489e-01
1.000000000000000000e+00 7.541526107184344681e-05 2.116597954861545727e-01
1.000000000000000000e+00 4.922498197493886457e-04 6.627134635667898399e-01
1.000000000000000000e+00 2.855305632494584524e-04 5.280217653128493893e-01
1.000000000000000000e+00 2.751688710360851702e-04 4.262967913009104715e-01
1.000000000000000000e+00 3.767884974109825453e-04 8.834504265057346872e-01
1.000000000000000000e+00 1.736786027968443950e-04 8.792321616112612759e-01
2.000000000000000000e+00 4.485889265882715324e-04 8.051631362856873642e-01
1.000000000000000000e+00 3.217935165095872304e-05 1.013202902803704147e-01
1.000000000000000000e+00 1.007800514838404595e-04 2.287378008250089134e-01
1.000000000000000000e+00 6.194249398178431612e-04 6.297631015425076972e-01
1.000000000000000000e+00 2.145883535903818202e-05 9.713614811379378544e-01
1.000000000000000000e+00 3.499672432124893381e-04 9.534967021948380639e-01
2.000000000000000000e+00 4.669831713747439562e-06 3.890345991220398036e-02
2.000000000000000000e+00 9.459352543449184878e-05 7.062937540362372868e-01
2.000000000000000000e+00 1.279827440464276824e-05 1.893601337714156119e-01
2.000000000000000000e+00 9.252789356802825966e-06 1.414874267262656860e-01
2.000000000000000000e+00 9.892556330069705184e-08 1.882636264942730276e-04
2.000000000000000000e+00 4.223053340020083150e-06 3.931725894301361934e-02
1.000000000000000000e+00 6.690700196906859470e-04 9.532298701297912125e-01
1.000000000000000000e+00 7.369658313131850812e-04 9.048007628251271139e-01
1.000000000000000000e+00 1.171356505263163256e-03 8.404531655313491889e-01
1.000000000000000000e+00 8.220961849307259223e-04 8.037712619260880542e-01
1.000000000000000000e+00 2.711839877991343203e-05 3.949941408209520916e-02
1.000000000000000000e+00 9.087362582682683657e-04 5.665747188396037526e-01
1.000000000000000000e+00 2.724246736507727031e-04 6.892747333683399980e-01
1.000000000000000000e+00 7.807853238478822534e-05 5.379486635539044714e-01
1.000000000000000000e+00 7.403325573999709188e-05 6.028188324156298350e-01
1.000000000000000000e+00 1.712931625311739795e-05 1.468019417594007836e-01
1.000000000000000000e+00 6.265757115755950411e-06 2.364345669034411887e-02
1.000000000000000000e+00 3.864660468013506733e-05 1.883092075956601663e-01
1.000000000000000000e+00 8.661831801836374035e-04 6.580373658188973796e-01
1.000000000000000000e+00 2.704862317573436341e-04 3.277567148264765029e-01
2.000000000000000000e+00 4.481297146471819589e-06 3.388202159141098790e-01
1.000000000000000000e+00 4.525462713155028744e-05 1.933412017640343539e-01
1.000000000000000000e+00 1.039171682520410579e-04 2.304081450323617053e-01
1.000000000000000000e+00 1.872577933667697949e-04 2.569199834243546254e-01
1.000000000000000000e+00 1.864101882306502768e-04 6.565111776934676735e-01
1.000000000000000000e+00 2.579474608659801599e-04 9.248542307111766725e-01
1.000000000000000000e+00 1.859866048634683307e-04 3.128855957310687774e-01
1.000000000000000000e+00 1.803952819645847610e-05 4.944521215299169103e-02
1.000000000000000000e+00 1.824960824276709425e-03 9.654881506047109374e-01
2.000000000000000000e+00 2.078899575968590346e-05 2.911012314102380816e-01
1.000000000000000000e+00 2.483038931796898748e-05 2.264909537215136492e-01
2.000000000000000000e+00 6.038385295889404275e-06 9.158784429376988501e-02
1.000000000000000000e+00 5.416543960653650360e-05 2.811931387610197564e-01
2.000000000000000000e+00 4.583703371951402119e-06 9.771355069117411418e-02
1.000000000000000000e+00 6.436457847380720851e-05 4.977906385521408961e-01
