1.000000000000000000e+00 2.278151175507237393e-04 4.667913001683772767e-01
1.000000000000000000e+00 3.425047705582046598e-08 6.391548405957870281e-05
1.000000000000000000e+00 5.769718714111579834e-04 7.076479008659301018e-01
1.000000000000000000e+00 7.766284406867387201e-06 2.529906427533118451e-02
1.000000000000000000e+00 3.912433456919626800e-04 5.754648213592344907e-01
2.000000000000000000e+00 6.375275110863044999e-04 9.039340638664437044e-01
1.000000000000000000e+00 1.002378344287023536e-03 6.059676686342911900e-01
2.000000000000000000e+00 7.912459163376609058e-05 1.278191690343488118e-01
1.000000000000000000e+00 6.730530946097077177e-05 1.654617627246036116e-01
1.000000000000000000e+00 5.242635623012925150e-04 6.305761100679170283e-01
1.000000000000000000e+00 2.869509861879297220e-04 5.232726043347870615e-01
1.000000000000000000e+00 2.661200752890181364e-04 4.138678251254097606e-01
1.000000000000000000e+00 4.101136878292592968e-04 9.376629119468995466e-01
1.000000000000000000e+00 1.819334460411732969e-04 8.723946065853059872e-01
2.000000000000000000e+00 6.359224555820301369e-04 7.780930674067455532e-01
1.000000000000000000e+00 3.126618383861145677e-05 9.720783473644162287e-02
1.000000000000000000e+00 1.103518340528248667e-04 2.423677157918423253e-01
1.000000000000000000e+00 5.002949647330206607e-04 6.266990250504256288e-01
1.000000000000000000e+00 2.338278153311887156e-05 9.677427143757457717e-01
1.000000000000000000e+00 3.853924122265505012e-04 9.484643295220104298e-01
2.000000000000000000e+00 4.247652299750968271e-06 3.233751552879515073e-02
2.000000000000000000e+00 9.140654837334397900e-05 7.218514690408376344e-01
2.000000000000000000e+00 1.088910253725490848e-05 1.669046603550535801e-01
2.000000000000000000e+00 9.599881277830981605e-06 1.514989237546836842e-01
2.000000000000000000e+00 9.996230217875198570e-08 1.889894999709845920e-04
2.000000000000000000e+00 3.869967647823833838e-06 3.638311686490688923e-02
1.000000000000000000e+00 6.783377072793948760e-04 9.509401669925563461e-01
1.000000000000000000e+00 6.918747468720857531e-04 9.147093526794825014e-01
1.000000000000000000e+00 1.139978290344676294e-03 7.932606080347953670e-01
1.000000000000000000e+00 7.455661309260394566e-04 8.249378950453651882e-01
1.000000000000000000e+00 2.660519995593919667e-05 4.366143113979394086e-02
1.000000000000000000e+00 9.122856522593737749e-04 6.081540224327777189e-01
1.000000000000000000e+00 2.174373464356889861e-04 6.962619778769613132e-01
1.000000000000000000e+00 7.525890334371324443e-05 4.897163891570250893e-01
1.000000000000000000e+00 7.254311681669844481e-05 5.680540924325619967e-01
1.000000000000000000e+00 1.416567314775538383e-05 1.288122279858517349e-01
1.000000000000000000e+00 5.799767697552668633e-06 2.149522122266200874e-02
1.000000000000000000e+00 3.185860544805836614e-05 1.510224802774979835e-01
1.000000000000000000e+00 8.838119280668008983e-04 6.137435587819348726e-01
1.000000000000000000e+00 2.596917043442778256e-04 3.348210556580887842e-01
2.000000000000000000e+00 3.950692792905852859e-06 3.191560094320686214e-01
1.000000000000000000e+00 3.845325719541294274e-05 1.568232061397137334e-01
1.000000000000000000e+00 1.013074652883041532e-04 2.167675310961302004e-01
1.000000000000000000e+00 1.885021909105166760e-04 2.538966116247002303e-01
1.000000000000000000e+00 2.274415904545223726e-04 7.726116337480211094e-01
1.000000000000000000e+00 2.672826889178055404e-04 9.162761444420368662e-01
1.000000000000000000e+00 1.655438804593470153e-04 2.646068996325008915e-01
1.000000000000000000e+00 1.595997236237555153e-05 4.301762346003829701e-02
1.000000000000000000e+00 1.817295087922504151e-03 9.614427451435019201e-01
2.000000000000000000e+00 1.852619077202489827e-05 2.800920590917071462e-01
1.000000000000000000e+00 2.629231896869023446e-05 2.758435240510554998e-01
2.000000000000000000e+00 6.217337986202284285e-06 1.031399486175107599e-01
1.000000000000000000e+00 6.410803198676510105e-05 3.001719852927250964e-01
2.000000000000000000e+00 6.510686105143517108e-06 2.284467537317547148e-01
1.000000000000000000e+00 6.853381773923071594e-05 5.042833485943418736e-01
