1.000000000000000000e+00 2.847188153190406278e-04 8.575666158099165548e-01
1.000000000000000000e+00 4.181246869275158190e-06 6.803246970820385660e-03
1.000000000000000000e+00 4.216484391934415964e-04 7.322740286475082350e-01
1.000000000000000000e+00 2.015933386699658093e-05 7.680029664273760326e-02
1.000000000000000000e+00 3.525856804857648366e-04 5.048703950452426703e-01
2.000000000000000000e+00 4.777643001170454613e-04 9.250078011068377792e-01
1.000000000000000000e+00 6.348608595834441407e-04 6.700413838041421322e-01
2.000000000000000000e+00 1.476224412046486117e-04 3.825282136111644027e-01
1.000000000000000000e+00 6.268371208333257559e-05 1.598752570996689326e-01
1.000000000000000000e+00 2.067456991932673438e-04 4.911539392244750335e-01
1.000000000000000000e+00 2.820205299536839775e-04 6.870513524538757189e-01
1.000000000000000000e+00 3.031470434453420264e-04 6.246027771773348114e-01
1.000000000000000000e+00 2.312072895758917864e-04 8.628778143401395484e-01
1.000000000000000000e+00 8.028006170253499199e-05 8.987021129872645453e-01
2.000000000000000000e+00 7.465801578587361173e-04 8.650871784863337632e-01
1.000000000000000000e+00 5.964045769765460940e-05 1.292337972212580510e-01
1.000000000000000000e+00 1.451654730819138363e-04 4.795429615332467699e-01
1.000000000000000000e+00 2.504035421146509209e-04 6.773442220183096829e-01
1.000000000000000000e+00 2.430744347487692086e-05 8.553537094669375618e-01
1.000000000000000000e+00 1.606887079457675234e-04 9.692959766022257728e-01
2.000000000000000000e+00 5.972448392334797374e-06 8.019083614721682352e-02
2.000000000000000000e+00 8.229559286236329838e-05 7.856101623407528711e-01
2.000000000000000000e+00 2.058164181220018614e-05 3.077046833105874235e-01
2.000000000000000000e+00 1.444291028000139194e-05 2.561549375832770092e-01
2.000000000000000000e+00 4.490285925326222561e-06 1.725352261277079621e-02
2.000000000000000000e+00 5.943025751303532164e-06 1.074536230347561544e-01
1.000000000000000000e+00 2.071619469080251659e-04 9.703728160142757186e-01
1.000000000000000000e+00 2.379206105470425283e-04 8.189882157154378950e-01
1.000000000000000000e+00 9.924646009913833718e-04 9.123157782245991942e-01
1.000000000000000000e+00 6.009816133650113402e-04 9.418654490589484229e-01
1.000000000000000000e+00 5.346187026225095005e-05 1.321440367382319125e-01
1.000000000000000000e+00 7.603644859815206778e-04 7.792488277842911648e-01
1.000000000000000000e+00 1.847037429524113266e-04 8.217002300495428457e-01
1.000000000000000000e+00 6.862084045874862080e-05 6.283470069863166252e-01
1.000000000000000000e+00 6.908210038755208538e-05 6.518185840648414997e-01
1.000000000000000000e+00 7.264316490013337752e-06 6.053702530421958827e-02
1.000000000000000000e+00 1.245336820801770292e-05 7.993427655273648014e-02
1.000000000000000000e+00 5.497398868007796898e-05 2.778964729073217232e-01
1.000000000000000000e+00 7.313288250272569633e-04 7.428812869550189824e-01
1.000000000000000000e+00 2.963506709780484253e-04 4.224425871482514472e-01
2.000000000000000000e+00 2.184660245215770332e-06 1.475910216032407518e-01
1.000000000000000000e+00 3.528440399741633414e-05 1.673288974538879315e-01
1.000000000000000000e+00 1.076042531420356893e-04 5.314635646496175259e-01
1.000000000000000000e+00 2.131186212894301826e-04 5.113733629949908099e-01
1.000000000000000000e+00 3.057355538748934994e-04 9.524237558045702823e-01
1.000000000000000000e+00 1.004290924768560443e-04 9.733777387025673855e-01
1.000000000000000000e+00 1.545880035292979387e-04 3.276455167542877134e-01
1.000000000000000000e+00 1.775113638538920521e-05 5.137551443816565366e-02
1.000000000000000000e+00 1.007473652042447862e-03 9.727141550541951176e-01
2.000000000000000000e+00 2.021027160236971588e-05 2.529677531183267547e-01
1.000000000000000000e+00 3.491757822492906962e-05 4.398389438658425465e-01
2.000000000000000000e+00 7.966084470182018535e-06 1.421770079088376382e-01
1.000000000000000000e+00 7.171770799013790190e-05 3.770260678536932475e-01
2.000000000000000000e+00 1.601772355325194335e-05 8.371784274437689133e-01
1.000000000000000000e+00 7.072735348714187650e-05 6.298529017290163123e-01
