1.000000000000000000e+00 2.202290005209860948e-04 4.586804974003371171e-01
1.000000000000000000e+00 2.748281376679714114e-08 4.900229254049309399e-05
1.000000000000000000e+00 5.645058960788859820e-04 7.202534426331999029e-01
1.000000000000000000e+00 7.404010468959729020e-06 2.408620446788553929e-02
1.000000000000000000e+00 3.727054219477260303e-04 6.001517099390796250e-01
2.000000000000000000e+00 6.584118404878269281e-04 9.203342024394652876e-01
1.000000000000000000e+00 1.060530990760419085e-03 6.617710746667612165e-01
2.000000000000000000e+00 8.051889045756246673e-05 1.266089187435825991e-01
1.000000000000000000e+00 8.123360292042516027e-05 2.143659581896885380e-01
1.000000000000000000e+00 4.772964762534811427e-04 6.826889800186839441e-01
1.000000000000000000e+00 2.838529758783846311e-04 5.305998638020136271e-01
1.000000000000000000e+00 2.623148883389498005e-04 4.056548156360355595e-01
1.000000000000000000e+00 3.613202603877651046e-04 8.484762083740935434e-01
1.000000000000000000e+00 1.772123946836105519e-04 8.779188005738183254e-01
2.000000000000000000e+00 4.294237651481954115e-04 8.183862341460699241e-01
1.000000000000000000e+00 3.266564451768425850e-05 1.036316340255630242e-01
1.000000000000000000e+00 1.008526608016009542e-04 2.307421983179307468e-01
1.000000000000000000e+00 6.235428709975136298e-04 5.665396638829212073e-01
1.000000000000000000e+00 2.070144832771389905e-05 9.699902293831041966e-01
1.000000000000000000e+00 3.337956803085813991e-04 9.560540105565434876e-01
2.000000000000000000e+00 5.098318008433918100e-06 4.555916107044757912e-02
2.000000000000000000e+00 9.103251424164261415e-05 6.640780089179475487e-01
2.000000000000000000e+00 1.517952937334243152e-05 2.086986900488254082e-01
2.000000000000000000e+00 5.160349631016396546e-06 6.763899030898755382e-02
2.000000000000000000e+00 9.763698681528816895e-08 1.849204606062727527e-04
2.000000000000000000e+00 4.055129891962908375e-06 3.810278835017957832e-02
1.000000000000000000e+00 6.631766704585301871e-04 9.543840011985770255e-01
1.000000000000000000e+00 7.541947282074962797e-04 9.015724104772555592e-01
1.000000000000000000e+00 1.158511714420761354e-03 8.390770749508976722e-01
1.000000000000000000e+00 8.685716902257456474e-04 7.896855769621319299e-01
1.000000000000000000e+00 2.684801324237511344e-05 3.868555069429326781e-02
1.000000000000000000e+00 9.074630637770975984e-04 6.124918194636187474e-01
1.000000000000000000e+00 3.043343022927086773e-04 6.713831410416913892e-01
1.000000000000000000e+00 7.997730509554691343e-05 5.572562968465017974e-01
1.000000000000000000e+00 7.606235765239041495e-05 6.136894181505937462e-01
1.000000000000000000e+00 1.498432574337549282e-05 1.210141902613877801e-01
1.000000000000000000e+00 6.440569378474835970e-06 2.464746057758212747e-02
1.000000000000000000e+00 3.823960346570820165e-05 1.919643484918543697e-01
1.000000000000000000e+00 8.641793103316048903e-04 6.600126172038971450e-01
1.000000000000000000e+00 2.773871234843817697e-04 3.270485844751173099e-01
2.000000000000000000e+00 4.889465354426647791e-06 3.397250850057898508e-01
1.000000000000000000e+00 4.848613688339782840e-05 2.068694066347615823e-01
1.000000000000000000e+00 1.040423754777029027e-04 2.290539285258446078e-01
1.000000000000000000e+00 1.848929339582930864e-04 2.531039680243822865e-01
1.000000000000000000e+00 1.729383862857586190e-04 6.126000871273652448e-01
1.000000000000000000e+00 2.599713144377413694e-04 9.275287073819572514e-01
1.000000000000000000e+00 2.022022192786169245e-04 3.531999575814117054e-01
1.000000000000000000e+00 1.851348109636615191e-05 5.044872771714396104e-02
1.000000000000000000e+00 1.828773430653637001e-03 9.704274501342435855e-01
2.000000000000000000e+00 2.306313147450184746e-05 3.185414790541976071e-01
1.000000000000000000e+00 2.295376719822961301e-05 1.986621870791760447e-01
2.000000000000000000e+00 6.016163280482113247e-06 8.474494756612854784e-02
1.000000000000000000e+00 5.522769527791304765e-05 2.604673445736069848e-01
2.000000000000000000e+00 4.530009405669693003e-06 8.893649081384175092e-02
1.000000000000000000e+00 6.530262346812411203e-05 4.941161661692639040e-01
