1.000000000000000000e+00 2.120841709504797353e-04 4.466166895560926831e-01
1.000000000000000000e+00 3.019343201835747690e-08 5.343371933633533818e-05
1.000000000000000000e+00 5.462230648462273238e-04 7.237469338217620285e-01
1.000000000000000000e+00 7.527504500397422933e-06 2.430806384355331529e-02
1.000000000000000000e+00 3.664675954267151894e-04 6.194779702059796112e-01
2.000000000000000000e+00 6.309438883368978773e-04 8.861696042649445104e-01
1.000000000000000000e+00 1.046955045456976962e-03 6.723696033734801736e-01
2.000000000000000000e+00 7.868345840152758458e-05 1.229314364957829475e-01
1.000000000000000000e+00 8.211247495313079583e-05 2.159903005701631629e-01
1.000000000000000000e+00 4.629546939735298592e-04 7.023026171943871354e-01
1.000000000000000000e+00 2.785386842554969308e-04 5.324213292321268165e-01
1.000000000000000000e+00 2.517886309534541115e-04 3.944260979250682198e-01
1.000000000000000000e+00 3.454581542108829261e-04 8.055644621728121901e-01
1.000000000000000000e+00 1.747676349721833831e-04 8.802064529768559575e-01
2.000000000000000000e+00 4.109247156844730137e-04 8.293465004253870454e-01
1.000000000000000000e+00 3.314741138973672911e-05 1.059220008653396911e-01
1.000000000000000000e+00 1.027008058651229263e-04 2.365924042589465648e-01
1.000000000000000000e+00 6.513303350709082886e-04 5.845022188501308724e-01
1.000000000000000000e+00 1.984794906369083070e-05 9.581665950486552008e-01
1.000000000000000000e+00 3.171305890798412162e-04 9.586168807935564473e-01
2.000000000000000000e+00 5.294649121617911257e-06 5.018912371511961845e-02
2.000000000000000000e+00 9.395736787818181044e-05 6.621922109679672097e-01
2.000000000000000000e+00 1.582524336250299619e-05 2.140219521849137108e-01
2.000000000000000000e+00 5.161814176036116675e-06 6.795602618561059904e-02
2.000000000000000000e+00 9.590969530443411857e-08 1.809315895146479869e-04
2.000000000000000000e+00 3.954285326116805750e-06 3.514713706717167985e-02
1.000000000000000000e+00 6.524954150719994555e-04 9.557644379174150551e-01
1.000000000000000000e+00 7.553843327115464679e-04 9.015596685744681205e-01
1.000000000000000000e+00 1.138168592267244528e-03 8.329252710035054408e-01
1.000000000000000000e+00 8.785353814458909906e-04 7.833617560908545663e-01
1.000000000000000000e+00 2.650764694050593249e-05 3.854240060582816985e-02
1.000000000000000000e+00 1.032183511057317444e-03 6.896410130277842443e-01
1.000000000000000000e+00 3.131520916701040430e-04 6.595329713204632904e-01
1.000000000000000000e+00 8.133290239144017682e-05 5.795213401314980306e-01
1.000000000000000000e+00 7.784864079353645517e-05 6.356486177768585488e-01
1.000000000000000000e+00 1.663133218231217184e-05 1.310615484138362152e-01
1.000000000000000000e+00 6.666774757148396015e-06 2.563877687898163255e-02
1.000000000000000000e+00 4.095588915008734196e-05 2.138607517321111096e-01
1.000000000000000000e+00 8.641333728887174099e-04 6.602828755360481416e-01
1.000000000000000000e+00 2.870553267943947492e-04 3.368823473207349650e-01
2.000000000000000000e+00 5.083027106376559659e-06 3.327195136687832733e-01
1.000000000000000000e+00 5.041881491369748692e-05 2.156141789043332646e-01
1.000000000000000000e+00 1.059116378991476170e-04 2.319410908439769325e-01
1.000000000000000000e+00 1.860608898471978435e-04 2.574104338662478453e-01
1.000000000000000000e+00 1.590683390540874884e-04 5.732867489117441373e-01
1.000000000000000000e+00 2.529164418296587992e-04 9.335920053194874946e-01
1.000000000000000000e+00 2.105662755122914508e-04 3.789987455679227346e-01
1.000000000000000000e+00 1.962664483945625427e-05 5.395124917435299705e-02
1.000000000000000000e+00 1.842954170240886655e-03 9.719090775120888814e-01
2.000000000000000000e+00 2.343555581375841322e-05 3.194098207437806036e-01
1.000000000000000000e+00 2.330355359810313344e-05 2.031647473357434952e-01
2.000000000000000000e+00 5.609469660371577141e-06 7.709717701101631571e-02
1.000000000000000000e+00 6.379912834123050965e-05 3.033324190299662715e-01
2.000000000000000000e+00 4.519137738655594137e-06 8.471074843333042947e-02
1.000000000000000000e+00 6.748971195600232177e-05 5.051427098665386417e-01
