1.000000000000000000e+00 2.131390842612002241e-04 4.814390762179936445e-01
1.000000000000000000e+00 3.766228619071786746e-08 7.033754024039969857e-05
1.000000000000000000e+00 6.163423539019884188e-04 6.300865716363196478e-01
1.000000000000000000e+00 7.530093925572438420e-06 2.198874235865770285e-02
1.000000000000000000e+00 3.205266035226670232e-04 3.534933162348682933e-01
2.000000000000000000e+00 7.139589271341669624e-04 8.896879860715990462e-01
1.000000000000000000e+00 1.017738382629628305e-03 5.980332923631888065e-01
2.000000000000000000e+00 8.094046358527194401e-05 1.296767124976786201e-01
1.000000000000000000e+00 4.593430539743627360e-05 1.012109999234578894e-01
1.000000000000000000e+00 6.040128010733809318e-04 5.168651483582276107e-01
1.000000000000000000e+00 2.716110130631274556e-04 4.400614442309696006e-01
1.000000000000000000e+00 2.335966309067599722e-04 3.394430506427316696e-01
1.000000000000000000e+00 6.122629813657610347e-04 9.839462755400414373e-01
1.000000000000000000e+00 2.462859143445501105e-04 8.066269734290805182e-01
2.000000000000000000e+00 6.758526695578651045e-04 7.015606137336691805e-01
1.000000000000000000e+00 2.703961612545337375e-05 5.844875785602318685e-02
1.000000000000000000e+00 8.926458930889716347e-05 1.836846842920029088e-01
1.000000000000000000e+00 4.387189175864915401e-04 4.960215154616947619e-01
1.000000000000000000e+00 5.461685948342532844e-05 9.417537030941774967e-01
1.000000000000000000e+00 5.839295097851978462e-04 8.999050739098800600e-01
2.000000000000000000e+00 4.394055570646007860e-06 5.293363622795484169e-02
2.000000000000000000e+00 8.315434229366876152e-05 8.063953017597282891e-01
2.000000000000000000e+00 2.304136039137368738e-05 2.058377796998595022e-01
2.000000000000000000e+00 5.072379168575943178e-06 6.421291005232349081e-02
2.000000000000000000e+00 1.452335312053963921e-07 3.017656837262133501e-04
2.000000000000000000e+00 3.999371311168163988e-06 7.140758265175442543e-02
1.000000000000000000e+00 8.500777466887163639e-04 9.311457735646823108e-01
1.000000000000000000e+00 8.159525339152042542e-04 9.198334411957058698e-01
1.000000000000000000e+00 1.439150417072916936e-03 7.629305313193565086e-01
1.000000000000000000e+00 7.208077485952725343e-04 8.849797263118200918e-01
1.000000000000000000e+00 2.069652140353157648e-05 3.018556671187958354e-02
1.000000000000000000e+00 1.062485831743411073e-03 7.065343031304047727e-01
1.000000000000000000e+00 3.891837265116281238e-04 9.182437523742242869e-01
1.000000000000000000e+00 6.667139024121171301e-05 3.554049767535020776e-01
1.000000000000000000e+00 5.956021589330636438e-05 3.725059678834898858e-01
1.000000000000000000e+00 1.803378893790435212e-06 1.314971493093151055e-02
1.000000000000000000e+00 2.999405391561731286e-06 1.288130405971513702e-02
1.000000000000000000e+00 2.608457408969532047e-05 9.217344479390884859e-02
1.000000000000000000e+00 9.446462713332635236e-04 6.491664424458608584e-01
1.000000000000000000e+00 1.999774742107585514e-04 2.043818025838266272e-01
2.000000000000000000e+00 2.503766724391500382e-06 1.386352553992578063e-01
1.000000000000000000e+00 1.953474646327408971e-05 5.127094330820593931e-02
1.000000000000000000e+00 9.708678099483886723e-05 1.844498901866471752e-01
1.000000000000000000e+00 2.025803193541958946e-04 2.271089802869909469e-01
1.000000000000000000e+00 4.726653531328364375e-04 8.010688222242891010e-01
1.000000000000000000e+00 4.534711082192788571e-04 8.004574492627960502e-01
1.000000000000000000e+00 1.190587656717863064e-04 1.706022720058536501e-01
1.000000000000000000e+00 1.253245889533875425e-05 2.987713046790460916e-02
1.000000000000000000e+00 2.025484087231304350e-03 9.430582525948421058e-01
2.000000000000000000e+00 2.674222419789840460e-05 3.653590542975622135e-01
1.000000000000000000e+00 2.422173074512182000e-05 1.925796306460494378e-01
2.000000000000000000e+00 4.018522318481575929e-06 4.649312934777354023e-02
1.000000000000000000e+00 3.185764785687829575e-05 1.294441191831151305e-01
2.000000000000000000e+00 3.721187474162600395e-06 1.151881670959761794e-01
1.000000000000000000e+00 5.142807532925608725e-05 3.242875763514530552e-01
