1.000000000000000000e+00 2.267704399407503867e-04 4.651060299036530732e-01
1.000000000000000000e+00 2.626374525860102581e-08 4.876578845409893740e-05
1.000000000000000000e+00 5.837658970026469432e-04 7.092808745491061551e-01
1.000000000000000000e+00 7.460382915946038960e-06 2.431923971240686211e-02
1.000000000000000000e+00 3.752675219616803497e-04 5.718267856299649177e-01
2.000000000000000000e+00 6.745215239089278258e-04 9.213160646099392004e-01
1.000000000000000000e+00 1.087208088301900829e-03 6.427361892074723304e-01
2.000000000000000000e+00 8.098971263618249357e-05 1.277317606832757135e-01
1.000000000000000000e+00 7.497762648528324405e-05 2.022204082189510421e-01
1.000000000000000000e+00 5.049479376096272561e-04 6.488846642197474424e-01
1.000000000000000000e+00 2.903142001914647634e-04 5.180370492149086736e-01
1.000000000000000000e+00 2.664998467741876175e-04 4.053589171594094154e-01
1.000000000000000000e+00 3.995170267822694939e-04 9.114302650150710727e-01
1.000000000000000000e+00 1.886210906597691160e-04 8.691864762815674217e-01
2.000000000000000000e+00 4.780271600798559014e-04 7.881970054931404235e-01
1.000000000000000000e+00 3.160071391906442521e-05 9.919614866043327539e-02
1.000000000000000000e+00 9.759602363059608832e-05 2.189282364530047709e-01
1.000000000000000000e+00 6.025891525376765546e-04 5.780944011131151639e-01
1.000000000000000000e+00 2.240801154279063850e-05 9.691926392467019591e-01
1.000000000000000000e+00 3.681098788815451595e-04 9.506091928705314720e-01
2.000000000000000000e+00 4.882124394985220863e-06 4.309166131438685321e-02
2.000000000000000000e+00 8.993771347299555773e-05 6.683217778111123497e-01
2.000000000000000000e+00 1.473663103196642911e-05 2.039279263676659903e-01
2.000000000000000000e+00 6.049111682599746814e-06 8.504913140476649813e-02
2.000000000000000000e+00 1.012057410880578760e-07 1.932955234170639349e-04
2.000000000000000000e+00 4.151154902690843723e-06 4.123692315603359054e-02
1.000000000000000000e+00 6.895499246554344895e-04 9.511917710644893775e-01
1.000000000000000000e+00 7.577043922581571571e-04 9.028289451332995874e-01
1.000000000000000000e+00 1.195456295579074360e-03 8.387852745909123442e-01
1.000000000000000000e+00 8.438768754691737409e-04 8.006431753118845585e-01
1.000000000000000000e+00 2.608275098686304043e-05 3.729678555340684015e-02
1.000000000000000000e+00 8.588026503441484154e-04 5.730603128721158956e-01
1.000000000000000000e+00 2.901893827656521776e-04 6.858448814815356620e-01
1.000000000000000000e+00 7.710867331003058126e-05 5.096363469365070564e-01
1.000000000000000000e+00 7.309728698363052591e-05 5.673309653102082128e-01
1.000000000000000000e+00 1.319811133319231060e-05 1.103251160613853560e-01
1.000000000000000000e+00 6.053806632665814359e-06 2.296019339831579381e-02
1.000000000000000000e+00 3.405265424509154565e-05 1.587802255438180987e-01
1.000000000000000000e+00 8.697678315593627323e-04 6.534488221971762600e-01
1.000000000000000000e+00 2.601252803125463347e-04 3.116671038928844339e-01
2.000000000000000000e+00 4.625190436944510160e-06 3.363138812136400313e-01
1.000000000000000000e+00 4.293889828132284813e-05 1.764433054002992884e-01
1.000000000000000000e+00 1.014015399869604064e-04 2.189127221244832056e-01
1.000000000000000000e+00 1.861922197628392830e-04 2.473323375746848685e-01
1.000000000000000000e+00 2.028826082596868810e-04 6.890440095778052054e-01
1.000000000000000000e+00 2.798720455113467187e-04 9.190576381344528478e-01
1.000000000000000000e+00 1.869948227780046960e-04 3.098086226846479274e-01
1.000000000000000000e+00 1.664036366718276300e-05 4.465828922946944723e-02
1.000000000000000000e+00 1.833893659289747430e-03 9.638475411732623233e-01
2.000000000000000000e+00 2.301083349452531261e-05 3.184367600430399459e-01
1.000000000000000000e+00 2.366676475336910781e-05 2.137937494410459549e-01
2.000000000000000000e+00 5.899907228968946828e-06 8.233773499931294759e-02
1.000000000000000000e+00 5.025838244826999902e-05 2.423074763724937242e-01
2.000000000000000000e+00 4.552339756272185806e-06 9.617316009225385098e-02
1.000000000000000000e+00 6.335115915458985414e-05 4.747660962583939437e-01
