1.000000000000000000e+00 2.173217463732855250e-04 4.353605849208366796e-01
1.000000000000000000e+00 6.137559319944493121e-08 8.016520084831030291e-05
1.000000000000000000e+00 6.099138654297501204e-04 6.716839792082631710e-01
1.000000000000000000e+00 7.468332127277053783e-06 2.265178164147908790e-02
1.000000000000000000e+00 3.532466480468044638e-04 4.753127543113631059e-01
2.000000000000000000e+00 6.451488915419423872e-04 8.920177892307348255e-01
1.000000000000000000e+00 1.141146518575678927e-03 6.086913630210785131e-01
2.000000000000000000e+00 7.550106394061364870e-05 1.211550120587248369e-01
1.000000000000000000e+00 5.027933064038175696e-05 1.154139105227981604e-01
1.000000000000000000e+00 5.837289746756258455e-04 5.622535196411081460e-01
1.000000000000000000e+00 2.970105445643033228e-04 4.679911028359695635e-01
1.000000000000000000e+00 2.324325235828483284e-04 3.336827151374968659e-01
1.000000000000000000e+00 6.610486895130624407e-04 9.733058249978951970e-01
1.000000000000000000e+00 2.406909699682297605e-04 8.301584848661406335e-01
2.000000000000000000e+00 6.104153490196677703e-04 6.975871657840576612e-01
1.000000000000000000e+00 2.895981318067762558e-05 6.928252192776801488e-02
1.000000000000000000e+00 9.155814010479754834e-05 1.902176392656413639e-01
1.000000000000000000e+00 4.999810239069757195e-04 5.444294490397214581e-01
1.000000000000000000e+00 2.805224378192069094e-05 9.569903389194076571e-01
1.000000000000000000e+00 4.536491236823689591e-04 9.354165540445996685e-01
2.000000000000000000e+00 4.857816948452152499e-06 5.741180928894740187e-02
2.000000000000000000e+00 8.809415717057765994e-05 6.617241290297779521e-01
2.000000000000000000e+00 1.738963618968196847e-05 1.568210663622778833e-01
2.000000000000000000e+00 5.804163057870361485e-06 6.319059795210252295e-02
2.000000000000000000e+00 1.127669371705888122e-07 2.195447946691085226e-04
2.000000000000000000e+00 4.183125407932120972e-06 6.099330670905781654e-02
1.000000000000000000e+00 7.751576699323370952e-04 9.399975258856879679e-01
1.000000000000000000e+00 7.777501877167278081e-04 9.112142041820414651e-01
1.000000000000000000e+00 1.304931110908317746e-03 8.190061632756227006e-01
1.000000000000000000e+00 7.950036319628866078e-04 8.066959711214861661e-01
1.000000000000000000e+00 2.211586493235684708e-05 3.139102948709854984e-02
1.000000000000000000e+00 1.014042989850562132e-03 7.187505306353116907e-01
1.000000000000000000e+00 2.545829741977415702e-04 6.038163890545626966e-01
1.000000000000000000e+00 6.915377100177546492e-05 3.899448661124614857e-01
1.000000000000000000e+00 6.764421227748139149e-05 4.414853165279933322e-01
1.000000000000000000e+00 4.422295511180888454e-06 3.615715857439812803e-02
1.000000000000000000e+00 4.719680323421488446e-06 1.793717670381226800e-02
1.000000000000000000e+00 2.575933959275689134e-05 1.002512916543924493e-01
1.000000000000000000e+00 8.921957182815331341e-04 5.992947091318968633e-01
1.000000000000000000e+00 2.202912875520701360e-04 2.764270873252244187e-01
2.000000000000000000e+00 3.385141605439715597e-06 2.004948412726455242e-01
1.000000000000000000e+00 2.162186527566074834e-05 6.836379471799319818e-02
1.000000000000000000e+00 9.557292003551973278e-05 1.849356155499715937e-01
1.000000000000000000e+00 1.928129976992088085e-04 2.258232496444504966e-01
1.000000000000000000e+00 3.024323290006204691e-04 8.643048100970062153e-01
1.000000000000000000e+00 4.026150473867697401e-04 8.657201098079672086e-01
1.000000000000000000e+00 1.366529135328410269e-04 1.956793173279268716e-01
1.000000000000000000e+00 1.298076818353682553e-05 3.340661158159393546e-02
1.000000000000000000e+00 1.939857885290326850e-03 9.480234178889966890e-01
2.000000000000000000e+00 3.238192027098303507e-05 3.995849276074619483e-01
1.000000000000000000e+00 2.820870851268751311e-05 2.286361231618084522e-01
2.000000000000000000e+00 3.459391978566509808e-06 3.972941208818320941e-02
1.000000000000000000e+00 3.603095547284091452e-05 1.635919011397491130e-01
2.000000000000000000e+00 4.948892585492744324e-06 1.001965782035049990e-01
1.000000000000000000e+00 6.013516125617972079e-05 4.016214379600594464e-01
