1.000000000000000000e+00 3.133080784057087811e-04 6.583493007517000617e-01
1.000000000000000000e+00 1.038288693476778394e-07 1.990754157034718360e-04
1.000000000000000000e+00 5.436819728523033420e-04 7.230787845620733068e-01
1.000000000000000000e+00 1.050832974355539934e-05 3.467767137087787027e-02
1.000000000000000000e+00 3.757149727296021360e-04 5.591492869721572667e-01
2.000000000000000000e+00 5.781848942073898080e-04 8.696141496390373815e-01
1.000000000000000000e+00 6.803120196668446243e-04 4.810031508903687136e-01
2.000000000000000000e+00 9.090661270863633649e-05 1.603820583840979141e-01
1.000000000000000000e+00 4.913547151752451820e-05 9.622824349619013562e-02
1.000000000000000000e+00 4.151646673717986503e-04 6.101536551920500040e-01
1.000000000000000000e+00 3.078070044365935104e-04 5.922465966895573697e-01
1.000000000000000000e+00 3.085280380856701677e-04 4.788709902940118113e-01
1.000000000000000000e+00 3.071230355662994921e-04 9.214434919244377520e-01
1.000000000000000000e+00 1.449301409074530604e-04 8.953047435673089360e-01
2.000000000000000000e+00 8.868605618711394075e-04 7.978099318773987925e-01
1.000000000000000000e+00 3.147638289018621284e-05 8.722421967958814137e-02
1.000000000000000000e+00 1.291643776785659104e-04 3.322900612656740638e-01
1.000000000000000000e+00 3.172808440205526380e-04 6.180853344857774045e-01
1.000000000000000000e+00 2.288186226450807212e-05 9.626793512767388705e-01
1.000000000000000000e+00 3.426102971615891464e-04 9.533998548498259229e-01
2.000000000000000000e+00 3.617391526742195095e-06 3.372422841126556520e-02
2.000000000000000000e+00 9.020948199054902486e-05 7.571368266546257830e-01
2.000000000000000000e+00 1.435254767928263125e-05 2.066100644239287631e-01
2.000000000000000000e+00 1.210795150378106252e-05 1.923897495013295877e-01
2.000000000000000000e+00 9.587777179474792924e-08 1.832871763090211160e-04
2.000000000000000000e+00 4.326793075150114771e-06 5.523568571774946367e-02
1.000000000000000000e+00 5.757896989776824280e-04 9.607889670040070662e-01
1.000000000000000000e+00 4.710953531777391581e-04 9.645022350720715565e-01
1.000000000000000000e+00 1.387943188728801456e-03 8.126079918527732149e-01
1.000000000000000000e+00 7.992118954005310392e-04 8.610646213956281159e-01
1.000000000000000000e+00 3.266379278219749675e-05 5.669545408859198721e-02
1.000000000000000000e+00 9.460647826864325254e-04 6.444081494158525603e-01
1.000000000000000000e+00 1.602847337577226986e-04 6.108123847699031828e-01
1.000000000000000000e+00 7.578568227889164832e-05 5.540136498404104604e-01
1.000000000000000000e+00 7.528072925233826910e-05 6.129261752925274642e-01
1.000000000000000000e+00 1.213668824139705368e-05 1.220062053891514953e-01
1.000000000000000000e+00 5.994244878835246153e-06 2.218480906098130312e-02
1.000000000000000000e+00 4.009498929768104695e-05 2.043338485845175023e-01
1.000000000000000000e+00 8.736645377853861178e-04 6.327451134928191445e-01
1.000000000000000000e+00 3.117153958472349343e-04 3.863675869953700492e-01
2.000000000000000000e+00 3.058882689791615650e-06 3.302348337958277980e-01
1.000000000000000000e+00 3.781827907336785866e-05 1.645596854333619408e-01
1.000000000000000000e+00 1.014794210564740247e-04 2.341349471006900773e-01
1.000000000000000000e+00 1.957180063456921996e-04 3.032851929176603178e-01
1.000000000000000000e+00 2.342594812130321036e-04 8.512273077279776112e-01
1.000000000000000000e+00 2.056690480009286566e-04 9.486133472927815724e-01
1.000000000000000000e+00 1.420465876073261340e-04 2.235398824731163747e-01
1.000000000000000000e+00 1.554552412030565258e-05 3.950798106366984475e-02
1.000000000000000000e+00 1.782519997146783100e-03 9.636300674812887657e-01
2.000000000000000000e+00 2.040190088089729596e-05 2.631981943118405498e-01
1.000000000000000000e+00 3.632229810737951602e-05 4.513720238296030640e-01
2.000000000000000000e+00 7.482519226317975329e-06 1.289610183979499058e-01
1.000000000000000000e+00 7.604205490801067542e-05 3.538558238482127360e-01
2.000000000000000000e+00 1.308690478144271987e-05 5.936010951115469059e-01
1.000000000000000000e+00 7.106960166251868232e-05 5.619099996669688624e-01
