1.000000000000000000e+00 1.705166143126345395e-04 5.813319128595139107e-01
1.000000000000000000e+00 1.306845706584385044e-07 2.961620186866152312e-04
1.000000000000000000e+00 5.594510133540102608e-04 6.189932623432747860e-01
1.000000000000000000e+00 1.450498248080149647e-05 5.189672714032415868e-02
1.000000000000000000e+00 3.908207106511096839e-04 4.152015596032972988e-01
2.000000000000000000e+00 6.427248944883659802e-04 8.896248904903851784e-01
1.000000000000000000e+00 8.048521799248473715e-04 7.465818528727186099e-01
2.000000000000000000e+00 1.414666698939275513e-04 3.043273425542957211e-01
1.000000000000000000e+00 6.280421983312311736e-05 2.028015069940999338e-01
1.000000000000000000e+00 6.013892297911669141e-05 1.377747272152403668e-01
1.000000000000000000e+00 2.562854490132718526e-04 8.676434505332673019e-01
1.000000000000000000e+00 2.938883533119752327e-04 6.229852515572749105e-01
1.000000000000000000e+00 3.553802963969239612e-04 8.920710481693302496e-01
1.000000000000000000e+00 1.252434487974402174e-04 8.936896948346968461e-01
2.000000000000000000e+00 6.096834572588839384e-04 8.080842361242699390e-01
1.000000000000000000e+00 5.847572160834953609e-05 1.263759304450081111e-01
1.000000000000000000e+00 1.018461267900794395e-04 3.113958557129782867e-01
1.000000000000000000e+00 4.861432697778949805e-04 7.230592314613615290e-01
1.000000000000000000e+00 3.459064886471544285e-05 6.787197748109823348e-01
1.000000000000000000e+00 1.318327585893074667e-04 9.910167787937278483e-01
2.000000000000000000e+00 6.924722125641606768e-06 9.770140306439786815e-02
2.000000000000000000e+00 7.529145268052976083e-05 7.887920829657839583e-01
2.000000000000000000e+00 1.746345859758052950e-05 1.670256517884259884e-01
2.000000000000000000e+00 1.053283490889956442e-05 2.289105761553525964e-01
2.000000000000000000e+00 1.349258887774791102e-05 7.279337747350501930e-02
2.000000000000000000e+00 9.131364424282911602e-06 2.043678291409431746e-01
1.000000000000000000e+00 5.472517259128222662e-04 9.602832331793152987e-01
1.000000000000000000e+00 2.236779535148171591e-04 6.455457416565143491e-01
1.000000000000000000e+00 7.788339534766024023e-04 9.189777334138405918e-01
1.000000000000000000e+00 4.609925528230886509e-04 8.497010028363283229e-01
1.000000000000000000e+00 3.140176506386684567e-05 7.053324187390003219e-02
1.000000000000000000e+00 8.015501243154429713e-04 8.081832681291999387e-01
1.000000000000000000e+00 2.698301603228574577e-04 9.563143329777419321e-01
1.000000000000000000e+00 7.174181856629492291e-05 6.189635270490437824e-01
1.000000000000000000e+00 3.811425908946763463e-05 2.411939509897474410e-01
1.000000000000000000e+00 1.293848387776084495e-06 8.265145988629265042e-03
1.000000000000000000e+00 2.358461670831097496e-05 2.340979007898212894e-01
1.000000000000000000e+00 5.261049887237971876e-05 2.058173474091842814e-01
1.000000000000000000e+00 6.067340820910569832e-04 8.247768907755127499e-01
1.000000000000000000e+00 2.813803970805575281e-04 3.367348453670186426e-01
2.000000000000000000e+00 5.561686213069133461e-07 1.600545038056437261e-02
1.000000000000000000e+00 2.770695374147866830e-05 9.362901368683480829e-02
1.000000000000000000e+00 1.074185720943181065e-04 5.014933021678987801e-01
1.000000000000000000e+00 2.170637912842425890e-04 4.415751230254522652e-01
1.000000000000000000e+00 4.682272975438076684e-04 7.531159636874407148e-01
1.000000000000000000e+00 1.496876848148379394e-04 9.200455340835466123e-01
1.000000000000000000e+00 2.409265468896877550e-04 5.145615541392208891e-01
1.000000000000000000e+00 5.488839986751633686e-05 1.840498268657582148e-01
1.000000000000000000e+00 1.103563969200634575e-03 9.736053133720969921e-01
2.000000000000000000e+00 3.116859589383914566e-05 4.525578326700154808e-01
1.000000000000000000e+00 1.776834849118309848e-05 1.348385108777091501e-01
2.000000000000000000e+00 7.973673715355606494e-06 1.450601188138820052e-01
1.000000000000000000e+00 3.776973692673005743e-05 1.313552789242323771e-01
2.000000000000000000e+00 7.479915220286782378e-06 2.571991095655553616e-01
1.000000000000000000e+00 6.705102028873574432e-05 4.393728597822657012e-01
