1.000000000000000000e+00 2.199309869049593017e-04 4.538440867197635620e-01
1.000000000000000000e+00 3.293659815502730847e-08 6.032860553409980707e-05
1.000000000000000000e+00 5.969084044835369944e-04 6.756034470416697468e-01
1.000000000000000000e+00 7.836142397815673864e-06 2.479300757461506965e-02
1.000000000000000000e+00 3.540152628388473712e-04 5.310419303590657725e-01
2.000000000000000000e+00 6.650459688141661116e-04 9.080239059078321073e-01
1.000000000000000000e+00 1.131824611748689924e-03 6.146959054636469411e-01
2.000000000000000000e+00 7.693491364594711194e-05 1.200813173494073016e-01
1.000000000000000000e+00 6.280219510655386437e-05 1.545066953938151189e-01
1.000000000000000000e+00 5.543067539856511104e-04 5.889395670195760601e-01
1.000000000000000000e+00 2.941374652731486555e-04 4.814039128344073104e-01
1.000000000000000000e+00 2.404569311644528390e-04 3.566926864452034107e-01
1.000000000000000000e+00 5.016254818626027798e-04 9.701519601583277197e-01
1.000000000000000000e+00 2.249790024343635174e-04 8.438671229648170291e-01
2.000000000000000000e+00 5.648892887897328553e-04 7.263982102978622235e-01
1.000000000000000000e+00 2.993806885485009202e-05 7.997115585347956690e-02
1.000000000000000000e+00 9.193545740095937296e-05 1.960169975734766812e-01
1.000000000000000000e+00 5.821737928174283098e-04 5.772711759365991568e-01
1.000000000000000000e+00 2.663873462019937993e-05 9.603307143280175318e-01
1.000000000000000000e+00 4.325059728039202297e-04 9.389813381462190911e-01
2.000000000000000000e+00 4.937645916533598644e-06 5.651101850726880649e-02
2.000000000000000000e+00 8.995683672101248060e-05 6.731486891519805615e-01
2.000000000000000000e+00 1.706447171849869568e-05 1.943251276511730741e-01
2.000000000000000000e+00 5.357458387055833748e-06 6.781555476247308478e-02
2.000000000000000000e+00 1.085290750354596837e-07 2.099692106685044054e-04
2.000000000000000000e+00 3.881416732307455954e-06 4.148108061373872307e-02
1.000000000000000000e+00 7.508764768141619776e-04 9.424877179906943070e-01
1.000000000000000000e+00 7.697124290305189893e-04 9.100445457600569998e-01
1.000000000000000000e+00 1.263397317635184952e-03 8.301596888623374859e-01
1.000000000000000000e+00 8.260167723812097181e-04 8.166064243356515595e-01
1.000000000000000000e+00 2.269798032620443668e-05 3.217827799885928514e-02
1.000000000000000000e+00 1.042888610214260693e-03 6.990806225217848224e-01
1.000000000000000000e+00 2.925951554462672809e-04 6.851969888862706748e-01
1.000000000000000000e+00 7.076238995702313183e-05 4.189857393925765505e-01
1.000000000000000000e+00 6.861848474139070327e-05 4.794284158543254959e-01
1.000000000000000000e+00 8.374476827229115572e-06 6.895171103095104614e-02
1.000000000000000000e+00 5.211503720279002424e-06 1.991046507207554217e-02
1.000000000000000000e+00 2.741252961393844334e-05 1.118894474452262616e-01
1.000000000000000000e+00 8.902873474877301277e-04 6.362597096809523567e-01
1.000000000000000000e+00 2.262719158252941842e-04 2.848731564534099370e-01
2.000000000000000000e+00 4.378961766098329016e-06 2.799763206193744414e-01
1.000000000000000000e+00 3.172683071244260825e-05 1.146215787450272222e-01
1.000000000000000000e+00 9.807624982748850426e-05 1.958448350375671942e-01
1.000000000000000000e+00 1.924474983696308240e-04 2.386250201674339211e-01
1.000000000000000000e+00 2.698527958172665278e-04 8.757325140073908276e-01
1.000000000000000000e+00 3.468183338265516734e-04 8.953518526431207825e-01
1.000000000000000000e+00 1.629809572255591947e-04 2.517750533815507619e-01
1.000000000000000000e+00 1.368237697178692841e-05 3.581881511198438395e-02
1.000000000000000000e+00 1.901411875674702658e-03 9.509239379058949115e-01
2.000000000000000000e+00 2.573666005664840240e-05 3.316978643605708044e-01
1.000000000000000000e+00 2.599710983879420349e-05 2.542163695471897911e-01
2.000000000000000000e+00 4.538993857235895424e-06 5.882865447171573697e-02
1.000000000000000000e+00 5.015410637044885443e-05 2.351428897681146768e-01
2.000000000000000000e+00 4.264529149092126018e-06 9.521836909861647325e-02
1.000000000000000000e+00 6.213687388059648290e-05 4.217250355100009562e-01
