1.000000000000000000e+00 3.256869848116249883e-04 6.965283773465316131e-01
1.000000000000000000e+00 1.101687059760146914e-07 2.121412936649740661e-04
1.000000000000000000e+00 5.327752899987876593e-04 7.267519947346620102e-01
1.000000000000000000e+00 1.121750186043458903e-05 3.714517266271974427e-02
1.000000000000000000e+00 3.753018560062344592e-04 5.601268526910000434e-01
2.000000000000000000e+00 5.707289888911199795e-04 8.570565901010618326e-01
1.000000000000000000e+00 6.269032424009409517e-04 4.557344212298648500e-01
2.000000000000000000e+00 9.476400370393802438e-05 1.706043388969734065e-01
1.000000000000000000e+00 4.791885972221702572e-05 9.195546994128503404e-02
1.000000000000000000e+00 3.886746335374558804e-04 5.844684570231053478e-01
1.000000000000000000e+00 3.093249275234936468e-04 6.078803180211280743e-01
1.000000000000000000e+00 3.217757042983838836e-04 5.037101824381891024e-01
1.000000000000000000e+00 2.796906324495299491e-04 8.943580407632053531e-01
1.000000000000000000e+00 1.312660356596976339e-04 9.033062314312478858e-01
2.000000000000000000e+00 9.226839089382999400e-04 7.984984856686139221e-01
1.000000000000000000e+00 3.156912146911326663e-05 8.644040507353289993e-02
1.000000000000000000e+00 1.370915731869602359e-04 3.640836325634734805e-01
1.000000000000000000e+00 3.001230130824491995e-04 6.163987141840743256e-01
1.000000000000000000e+00 2.229315542200116439e-05 9.625826281389388006e-01
1.000000000000000000e+00 3.187735462265845312e-04 9.566034135908062508e-01
2.000000000000000000e+00 3.559414783609674530e-06 3.437958011185296425e-02
2.000000000000000000e+00 8.990442930327584249e-05 7.600098388929750204e-01
2.000000000000000000e+00 1.456506175448884692e-05 2.077010504004968838e-01
2.000000000000000000e+00 1.244009773918057225e-05 1.960957511673125375e-01
2.000000000000000000e+00 9.587781273491713811e-08 1.834936722085785002e-04
2.000000000000000000e+00 4.421592476136924111e-06 5.573353026594653203e-02
1.000000000000000000e+00 5.329704560921150452e-04 9.653299080126499510e-01
1.000000000000000000e+00 4.177316653455202312e-04 9.782027339115545450e-01
1.000000000000000000e+00 1.413398860529372107e-03 8.137179511146032107e-01
1.000000000000000000e+00 8.000371896368862427e-04 8.640280562032269795e-01
1.000000000000000000e+00 3.478857957880876012e-05 6.068879482857576085e-02
1.000000000000000000e+00 9.549606648314577133e-04 6.447850846828943050e-01
1.000000000000000000e+00 1.542384810482078962e-04 5.907915191076021921e-01
1.000000000000000000e+00 7.652110080202226858e-05 5.955114790698367022e-01
1.000000000000000000e+00 7.650669388158108815e-05 6.351281186770779685e-01
1.000000000000000000e+00 1.204860668644881231e-05 1.188980640130977567e-01
1.000000000000000000e+00 6.119541981654034111e-06 2.260374639615245554e-02
1.000000000000000000e+00 4.230171441431073679e-05 2.206903067543908303e-01
1.000000000000000000e+00 8.714983130759394779e-04 6.345128418084986510e-01
1.000000000000000000e+00 3.143428150994516997e-04 3.861713583272352035e-01
2.000000000000000000e+00 2.937205684360392073e-06 3.114585242284236277e-01
1.000000000000000000e+00 3.847455642879096018e-05 1.698018342670351288e-01
1.000000000000000000e+00 1.024445378633409939e-04 2.463657954624004776e-01
1.000000000000000000e+00 1.972608161706136968e-04 3.212660807701840371e-01
1.000000000000000000e+00 2.307768454744032170e-04 8.621195396325822546e-01
1.000000000000000000e+00 1.886613542455977148e-04 9.561020941021474151e-01
1.000000000000000000e+00 1.404957923349728084e-04 2.210460400195149999e-01
1.000000000000000000e+00 1.575584161795518177e-05 3.958163438065353396e-02
1.000000000000000000e+00 1.757972801716546889e-03 9.655703318765319620e-01
2.000000000000000000e+00 2.026871292690666417e-05 2.594643881722288326e-01
1.000000000000000000e+00 3.741826865493481235e-05 4.736496610336615731e-01
2.000000000000000000e+00 7.742204138535692162e-06 1.351080939207011111e-01
1.000000000000000000e+00 7.749583364355482464e-05 3.610211583678843983e-01
2.000000000000000000e+00 1.377683025709277714e-05 6.338945010601838570e-01
1.000000000000000000e+00 7.159296055527964602e-05 5.752127754915206115e-01
