1.000000000000000000e+00 2.191153416044993316e-04 4.457069005662289696e-01
1.000000000000000000e+00 5.990765085341225391e-08 8.689389966290706196e-05
1.000000000000000000e+00 6.042817823899675070e-04 6.747752143524020640e-01
1.000000000000000000e+00 8.027738442343996733e-06 2.500590159830963499e-02
1.000000000000000000e+00 3.536146969002312954e-04 4.916219069205781667e-01
2.000000000000000000e+00 7.264235873155829070e-04 8.341185331189814312e-01
1.000000000000000000e+00 1.131884714957585207e-03 6.146778525883116462e-01
2.000000000000000000e+00 7.462586236311751799e-05 1.156781506986304109e-01
1.000000000000000000e+00 5.046952097006666808e-05 1.162679239351546573e-01
1.000000000000000000e+00 5.596657408344033607e-04 5.874723670259238695e-01
1.000000000000000000e+00 2.953731093861512659e-04 4.784896733565279781e-01
1.000000000000000000e+00 2.408207034383685234e-04 3.516711134063537636e-01
1.000000000000000000e+00 5.140424098476608370e-04 9.698248026276541367e-01
1.000000000000000000e+00 2.311353804689016524e-04 8.382401371876521123e-01
2.000000000000000000e+00 5.982602206571549638e-04 7.090961016713041021e-01
1.000000000000000000e+00 2.941443622568940390e-05 7.835486424637455594e-02
1.000000000000000000e+00 9.302923628215597053e-05 1.969556651779336143e-01
1.000000000000000000e+00 6.058521244503552259e-04 6.424140390246040333e-01
1.000000000000000000e+00 2.651751170697376063e-05 9.594138025062702857e-01
1.000000000000000000e+00 4.355214369260479879e-04 9.388160889668581977e-01
2.000000000000000000e+00 4.892155324457636310e-06 5.704182331083242075e-02
2.000000000000000000e+00 8.783742782800017877e-05 6.540035145308848996e-01
2.000000000000000000e+00 2.026183833137974345e-05 1.881868912501665769e-01
2.000000000000000000e+00 6.317135098970483015e-06 7.354256803099654127e-02
2.000000000000000000e+00 1.090407780891558215e-07 2.110481463865659848e-04
2.000000000000000000e+00 4.116995910737401810e-06 5.083065031216929541e-02
1.000000000000000000e+00 7.548668284972051730e-04 9.421690149315410379e-01
1.000000000000000000e+00 7.780467167138626402e-04 9.098652486822893515e-01
1.000000000000000000e+00 1.260852588112423150e-03 8.198141494780331051e-01
1.000000000000000000e+00 7.924318725168904599e-04 7.978394477730343937e-01
1.000000000000000000e+00 2.274657419241861344e-05 3.234481194008514970e-02
1.000000000000000000e+00 1.008215604001292797e-03 6.942409299783413035e-01
1.000000000000000000e+00 2.956215040446927376e-04 6.915510576526864295e-01
1.000000000000000000e+00 7.113842778685652520e-05 4.136060807103365544e-01
1.000000000000000000e+00 6.840818400888896327e-05 4.683202132574975085e-01
1.000000000000000000e+00 6.370507807494401570e-06 5.902393265260522104e-02
1.000000000000000000e+00 5.267402645453121887e-06 2.027032350703113217e-02
1.000000000000000000e+00 2.663943093588409100e-05 1.084127498557963393e-01
1.000000000000000000e+00 9.027754394067896834e-04 6.175816204477602156e-01
1.000000000000000000e+00 2.294342385828031033e-04 2.857682173951408000e-01
2.000000000000000000e+00 4.397512965373323158e-06 2.773971726843748042e-01
1.000000000000000000e+00 2.739640769707561320e-05 9.267454351720308403e-02
1.000000000000000000e+00 9.695287947898807918e-05 1.903943395067747291e-01
1.000000000000000000e+00 1.930044532652116975e-04 2.302989208921272235e-01
1.000000000000000000e+00 2.728017820114443485e-04 8.750437227224774350e-01
1.000000000000000000e+00 3.690182968366475299e-04 9.021230337246074482e-01
1.000000000000000000e+00 1.626387247426854855e-04 2.472969837420180284e-01
1.000000000000000000e+00 1.345819807924228411e-05 3.475299336042753789e-02
1.000000000000000000e+00 1.931048126690380071e-03 9.503535863770610215e-01
2.000000000000000000e+00 2.851405695647555861e-05 3.577693633090486269e-01
1.000000000000000000e+00 2.515524950850251475e-05 2.435797206143092142e-01
2.000000000000000000e+00 3.489043497396007907e-06 4.613136786015667457e-02
1.000000000000000000e+00 4.877283377769039030e-05 2.227184814454409578e-01
2.000000000000000000e+00 4.524144733600986792e-06 9.877196204243107736e-02
1.000000000000000000e+00 6.205253203599034534e-05 4.159111772057417222e-01
