1.000000000000000000e+00 2.259594146781785371e-04 4.668617905514522159e-01
1.000000000000000000e+00 2.488658441911813876e-08 4.647480257841339184e-05
1.000000000000000000e+00 5.750304969602710323e-04 7.256804919041917046e-01
1.000000000000000000e+00 7.522324763558470953e-06 2.467498650444145680e-02
1.000000000000000000e+00 3.811016390069670869e-04 5.859157808532320377e-01
2.000000000000000000e+00 6.655000449827630331e-04 9.206683423454438131e-01
1.000000000000000000e+00 1.060530990760419085e-03 6.617710746667612165e-01
2.000000000000000000e+00 8.221457691004050090e-05 1.300690355592779013e-01
1.000000000000000000e+00 7.910812799014384905e-05 2.285755045535748098e-01
1.000000000000000000e+00 4.786262640701659157e-04 6.781902760853985024e-01
1.000000000000000000e+00 2.846103891243203046e-04 5.357024645677055386e-01
1.000000000000000000e+00 2.784398148583160310e-04 4.312569114424886219e-01
1.000000000000000000e+00 3.590841424565697267e-04 8.493737176475726347e-01
1.000000000000000000e+00 1.675569320552280212e-04 8.832343510736234693e-01
2.000000000000000000e+00 4.237218050169111547e-04 8.221911361393310358e-01
1.000000000000000000e+00 3.267000079188065061e-05 1.015449696394900431e-01
1.000000000000000000e+00 1.012374678788184861e-04 2.336453371616782904e-01
1.000000000000000000e+00 6.194423785497661823e-04 6.162332380214919914e-01
1.000000000000000000e+00 2.069245342399309934e-05 9.719761160756440477e-01
1.000000000000000000e+00 3.321055629407461212e-04 9.565999396463664706e-01
2.000000000000000000e+00 4.726069507039294684e-06 3.950505869392381686e-02
2.000000000000000000e+00 9.341684579577681476e-05 6.946630336558687890e-01
2.000000000000000000e+00 1.342068499318199200e-05 1.985329459942551944e-01
2.000000000000000000e+00 8.075900469244675579e-06 1.202324944154479630e-01
2.000000000000000000e+00 9.718040947260436426e-08 1.840557217888899404e-04
2.000000000000000000e+00 4.241284988014962539e-06 3.943695470400956221e-02
1.000000000000000000e+00 6.554556757625377159e-04 9.547010000438450605e-01
1.000000000000000000e+00 7.388866139844714595e-04 9.030175968497728967e-01
1.000000000000000000e+00 1.158132850401926263e-03 8.414010031953681468e-01
1.000000000000000000e+00 8.421630573668820174e-04 7.977459307940315547e-01
1.000000000000000000e+00 2.811218923364734173e-05 4.030528209616787011e-02
1.000000000000000000e+00 8.737087565091453166e-04 5.538163987277985312e-01
1.000000000000000000e+00 2.788029229998459650e-04 6.836672880949042908e-01
1.000000000000000000e+00 7.957904775568916509e-05 5.639520356272003099e-01
1.000000000000000000e+00 7.452475523848255861e-05 6.212889697616470475e-01
1.000000000000000000e+00 1.714863488373561003e-05 1.444175201703191691e-01
1.000000000000000000e+00 6.438204798376522530e-06 2.447452368614535037e-02
1.000000000000000000e+00 4.066196768322674420e-05 2.052122972936573642e-01
1.000000000000000000e+00 8.630969627110790868e-04 6.626250950766769954e-01
1.000000000000000000e+00 2.791949982686054441e-04 3.341309702848442864e-01
2.000000000000000000e+00 4.631420363998813307e-06 3.511305904457131533e-01
1.000000000000000000e+00 4.833051874834026312e-05 2.107041189421354210e-01
1.000000000000000000e+00 1.049211733411952054e-04 2.368215024820434778e-01
1.000000000000000000e+00 1.853051894486241081e-04 2.570125921267865099e-01
1.000000000000000000e+00 1.716415783179664782e-04 6.212676500164427962e-01
1.000000000000000000e+00 2.511936489762222951e-04 9.295341682393796212e-01
1.000000000000000000e+00 1.995103072495859546e-04 3.476695462684159521e-01
1.000000000000000000e+00 1.896398509730502977e-05 5.225575534077617906e-02
1.000000000000000000e+00 1.814942337708220057e-03 9.673854005191393490e-01
2.000000000000000000e+00 2.128138009872202326e-05 3.040423505376204649e-01
1.000000000000000000e+00 2.427531859518754846e-05 2.114557006701502095e-01
2.000000000000000000e+00 5.975476869817499086e-06 8.874255063198099869e-02
1.000000000000000000e+00 5.393034264236117362e-05 2.722597689605593674e-01
2.000000000000000000e+00 4.632585289784033830e-06 9.858323300606428030e-02
1.000000000000000000e+00 6.442605719518865832e-05 5.037708889150855907e-01
