1.000000000000000000e+00 2.214545831805791835e-04 4.579837658345022877e-01
1.000000000000000000e+00 2.849754413015010143e-08 5.187956465469630040e-05
1.000000000000000000e+00 5.752428874943915681e-04 7.062496254747123725e-01
1.000000000000000000e+00 7.495649535339097441e-06 2.438928336488956419e-02
1.000000000000000000e+00 3.688753126743684468e-04 5.818046268805975307e-01
2.000000000000000000e+00 6.600661910529172531e-04 9.185719498524613780e-01
1.000000000000000000e+00 1.087208088301900829e-03 6.427361892074723304e-01
2.000000000000000000e+00 7.948025122202914618e-05 1.249135145814281589e-01
1.000000000000000000e+00 7.523366829467963526e-05 1.970371219100249816e-01
1.000000000000000000e+00 5.048855637642046465e-04 6.506234944137665455e-01
1.000000000000000000e+00 2.892670175551907610e-04 5.136274837709988716e-01
1.000000000000000000e+00 2.564036277732513426e-04 3.912040549192439820e-01
1.000000000000000000e+00 4.005108234828534935e-04 9.112099215499119831e-01
1.000000000000000000e+00 1.933935954280073923e-04 8.663704118477855154e-01
2.000000000000000000e+00 4.819157452365813448e-04 7.854938254918932827e-01
1.000000000000000000e+00 3.160335113469387380e-05 9.930708065199657375e-02
1.000000000000000000e+00 9.740858084122434738e-05 2.175400965374478246e-01
1.000000000000000000e+00 6.110976536207409805e-04 5.709047332268032404e-01
1.000000000000000000e+00 2.240106724365154239e-05 9.689139287400592160e-01
1.000000000000000000e+00 3.689417398680723157e-04 9.503966111183120846e-01
2.000000000000000000e+00 5.010008171837383114e-06 4.642940508587631993e-02
2.000000000000000000e+00 9.044092437509942224e-05 6.638815163286585497e-01
2.000000000000000000e+00 1.555586254355848500e-05 2.044064887049344137e-01
2.000000000000000000e+00 5.246504140949823637e-06 7.050781085495169687e-02
2.000000000000000000e+00 1.013333867777212293e-07 1.935393172980247464e-04
2.000000000000000000e+00 4.039334636249745423e-06 3.930160179822179273e-02
1.000000000000000000e+00 6.930865249691405168e-04 9.509367941558415360e-01
1.000000000000000000e+00 7.627513664387746035e-04 9.025605982210104239e-01
1.000000000000000000e+00 1.195768637785889254e-03 8.368434800305767363e-01
1.000000000000000000e+00 8.524855900303211992e-04 7.963786855219985306e-01
1.000000000000000000e+00 2.541889005773080869e-05 3.642629013608204847e-02
1.000000000000000000e+00 9.213730197534365871e-04 6.251606980795890722e-01
1.000000000000000000e+00 2.999445281599742111e-04 6.769693718024947238e-01
1.000000000000000000e+00 7.718570030441741585e-05 5.069397351569416843e-01
1.000000000000000000e+00 7.364760232452201348e-05 5.642896269441638468e-01
1.000000000000000000e+00 1.293982693014411190e-05 1.053324072289380797e-01
1.000000000000000000e+00 6.056413443690633292e-06 2.297371904949209453e-02
1.000000000000000000e+00 3.364487478191713620e-05 1.564038045908874575e-01
1.000000000000000000e+00 8.705907685169623871e-04 6.513813239275821898e-01
1.000000000000000000e+00 2.595968151989809774e-04 3.101620778541941958e-01
2.000000000000000000e+00 4.720644327587920199e-06 3.238247094688252448e-01
1.000000000000000000e+00 4.276959197736742471e-05 1.734990005613118169e-01
1.000000000000000000e+00 1.014215002318937664e-04 2.157825285884268640e-01
1.000000000000000000e+00 1.870887784917402239e-04 2.474232972330723812e-01
1.000000000000000000e+00 2.038306259148861966e-04 6.849502017400008747e-01
1.000000000000000000e+00 2.835781051882416766e-04 9.180959978472600369e-01
1.000000000000000000e+00 1.877803826995625184e-04 3.114404811169745879e-01
1.000000000000000000e+00 1.658404296445814864e-05 4.448829847202960541e-02
1.000000000000000000e+00 1.845688134263579914e-03 9.636320984954751534e-01
2.000000000000000000e+00 2.379481841194627513e-05 3.226703907396679671e-01
1.000000000000000000e+00 2.378410368576014725e-05 2.164769284956448991e-01
2.000000000000000000e+00 5.656501083606902262e-06 7.515278113736975629e-02
1.000000000000000000e+00 5.339355663371711459e-05 2.524339135558102409e-01
2.000000000000000000e+00 4.506253265224194096e-06 9.226041797524245358e-02
1.000000000000000000e+00 6.436321853864789206e-05 4.714120439894637915e-01
