1.000000000000000000e+00 2.260260034865834388e-04 4.648417430236782000e-01
1.000000000000000000e+00 3.068242077260572846e-08 5.650930684475580516e-05
1.000000000000000000e+00 5.679627055643112757e-04 7.213288252574943105e-01
1.000000000000000000e+00 7.685292748762822924e-06 2.521699381660476302e-02
1.000000000000000000e+00 3.922356385048135301e-04 5.890676043238014525e-01
2.000000000000000000e+00 6.424921654755908450e-04 8.985016008033483992e-01
1.000000000000000000e+00 1.072506922370571611e-03 6.508297209074247469e-01
2.000000000000000000e+00 8.078221807208510225e-05 1.287867706626008579e-01
1.000000000000000000e+00 7.251316987471873152e-05 1.931229213324853200e-01
1.000000000000000000e+00 4.981423856760149168e-04 6.606230765924907544e-01
1.000000000000000000e+00 2.793802294900597934e-04 5.394210215989180268e-01
1.000000000000000000e+00 2.739045268009201593e-04 4.333867346257427866e-01
1.000000000000000000e+00 3.711052796673321988e-04 8.872344855953097076e-01
1.000000000000000000e+00 1.672766798371406593e-04 8.852693598689547194e-01
2.000000000000000000e+00 4.425024503723245031e-04 8.046736624461831022e-01
1.000000000000000000e+00 3.238977690442011433e-05 1.024696216307300900e-01
1.000000000000000000e+00 1.112850908135647193e-04 2.477572321121408183e-01
1.000000000000000000e+00 5.858132999413804588e-04 6.023868343620537580e-01
1.000000000000000000e+00 2.152015818025051480e-05 9.720389104951101533e-01
1.000000000000000000e+00 3.516887252547783367e-04 9.542585201846650600e-01
2.000000000000000000e+00 4.262775545987225150e-06 3.364264905950839490e-02
2.000000000000000000e+00 9.727419035033837383e-05 7.262291820601624037e-01
2.000000000000000000e+00 1.054404962687117465e-05 1.535983024237632943e-01
2.000000000000000000e+00 9.443354672551545483e-06 1.461143811488595512e-01
2.000000000000000000e+00 1.031254649955227009e-07 1.944936527517794503e-04
2.000000000000000000e+00 4.029485342057679241e-06 3.653454427615119432e-02
1.000000000000000000e+00 6.572768634210555050e-04 9.540692816813560739e-01
1.000000000000000000e+00 7.000191962809195444e-04 9.123483904229199304e-01
1.000000000000000000e+00 1.104514967057452579e-03 7.974481197557237167e-01
1.000000000000000000e+00 7.948549387299508719e-04 8.272803905293317772e-01
1.000000000000000000e+00 2.828689287182905408e-05 4.511167398614226304e-02
1.000000000000000000e+00 9.337126597464300752e-04 6.021405070404886040e-01
1.000000000000000000e+00 2.528389867316719231e-04 6.761795323110738609e-01
1.000000000000000000e+00 7.811323939609316142e-05 5.403427095090871379e-01
1.000000000000000000e+00 7.635934021803655544e-05 6.232860810685026953e-01
1.000000000000000000e+00 1.671338805576139062e-05 1.445178102076686288e-01
1.000000000000000000e+00 6.193558002267505067e-06 2.291410753749716089e-02
1.000000000000000000e+00 3.694187854950388921e-05 1.831602059752165945e-01
1.000000000000000000e+00 8.761169203947026442e-04 6.252972210013846288e-01
1.000000000000000000e+00 2.689918600552340623e-04 3.301781643414319345e-01
2.000000000000000000e+00 4.223004805395651223e-06 3.245036554951061247e-01
1.000000000000000000e+00 4.393722611573664511e-05 1.890836037289138627e-01
1.000000000000000000e+00 1.040313947745557041e-04 2.319750784171034919e-01
1.000000000000000000e+00 1.868147380954910211e-04 2.618350207377216354e-01
1.000000000000000000e+00 1.959407549822529552e-04 6.897601592964914818e-01
1.000000000000000000e+00 2.466135513339735570e-04 9.199562241929029049e-01
1.000000000000000000e+00 1.773268240203155263e-04 3.049390797496072669e-01
1.000000000000000000e+00 1.795991826375029126e-05 4.918832074940449745e-02
1.000000000000000000e+00 1.798010065149286850e-03 9.659877118758724013e-01
2.000000000000000000e+00 1.841879843781844039e-05 2.681118556980226497e-01
1.000000000000000000e+00 2.557235380415063451e-05 2.442675860785979980e-01
2.000000000000000000e+00 7.415979805863818736e-06 1.361054924365226459e-01
1.000000000000000000e+00 5.542342386985738662e-05 2.798645097196118536e-01
2.000000000000000000e+00 5.405792571983668074e-06 1.365241733482713271e-01
1.000000000000000000e+00 6.374510922885054029e-05 4.915486546601040008e-01
