1.000000000000000000e+00 2.153207897166562639e-04 4.516850046890497072e-01
1.000000000000000000e+00 2.846289705538830673e-08 5.017177217296799339e-05
1.000000000000000000e+00 5.514071896837768926e-04 7.246242360292165507e-01
1.000000000000000000e+00 7.442628655501470589e-06 2.408045386691000378e-02
1.000000000000000000e+00 3.697037799247134427e-04 6.153633255636451471e-01
2.000000000000000000e+00 6.413904225796595616e-04 9.097351080638627074e-01
1.000000000000000000e+00 1.046940022301679710e-03 6.723732658633070347e-01
2.000000000000000000e+00 7.984811595523845160e-05 1.251744079094840867e-01
1.000000000000000000e+00 8.410139668812291534e-05 2.221295932417749752e-01
1.000000000000000000e+00 4.627768365912945871e-04 7.005903856101950433e-01
1.000000000000000000e+00 2.792362319871596605e-04 5.356656917293248776e-01
1.000000000000000000e+00 2.573479303151377526e-04 4.026808116013100847e-01
1.000000000000000000e+00 3.449406096697928007e-04 8.073127481952532269e-01
1.000000000000000000e+00 1.719225324677865221e-04 8.821354060362364136e-01
2.000000000000000000e+00 4.038308658068893325e-04 8.335373625013968724e-01
1.000000000000000000e+00 3.327472650261305352e-05 1.051662121554936963e-01
1.000000000000000000e+00 1.025346683581692016e-04 2.368893637844058930e-01
1.000000000000000000e+00 6.385024193545412114e-04 5.712930869832750780e-01
1.000000000000000000e+00 1.993570335671144360e-05 9.614437165895071136e-01
1.000000000000000000e+00 3.162630553686223431e-04 9.587362074231757791e-01
2.000000000000000000e+00 5.239778412969897871e-06 4.901483489491387929e-02
2.000000000000000000e+00 9.299261118117189550e-05 6.657218333584883352e-01
2.000000000000000000e+00 1.534528922884932899e-05 2.109644378055246516e-01
2.000000000000000000e+00 5.097904084753382364e-06 6.670658413475788473e-02
2.000000000000000000e+00 9.581963275121383622e-08 1.807647633258495021e-04
2.000000000000000000e+00 3.982900425133722544e-06 3.587105436795270941e-02
1.000000000000000000e+00 6.504366851630871867e-04 9.557598923795617152e-01
1.000000000000000000e+00 7.510909128931159660e-04 9.015309905936561563e-01
1.000000000000000000e+00 1.139988361851904976e-03 8.372511121656486255e-01
1.000000000000000000e+00 8.806664305518713915e-04 7.867906633116388271e-01
1.000000000000000000e+00 2.693967528103753645e-05 3.903172280207958811e-02
1.000000000000000000e+00 9.718695868256338639e-04 6.520328356067777165e-01
1.000000000000000000e+00 3.098060267951581958e-04 6.636210564333170359e-01
1.000000000000000000e+00 8.118389087202756787e-05 5.819873908467516621e-01
1.000000000000000000e+00 7.757037910243415519e-05 6.381222652577667187e-01
1.000000000000000000e+00 1.639602226860678572e-05 1.297763621381097243e-01
1.000000000000000000e+00 6.627388843361934359e-06 2.544283054192139626e-02
1.000000000000000000e+00 4.111487813619906406e-05 2.149974856275153612e-01
1.000000000000000000e+00 8.622201933559699291e-04 6.631608437274914003e-01
1.000000000000000000e+00 2.860610175190051786e-04 3.361414026610967665e-01
2.000000000000000000e+00 5.020022790149507335e-06 3.376774944963634173e-01
1.000000000000000000e+00 5.111258199440681777e-05 2.208590045834634419e-01
1.000000000000000000e+00 1.059087921135978751e-04 2.347082352885150602e-01
1.000000000000000000e+00 1.850963864374010313e-04 2.575690805187755283e-01
1.000000000000000000e+00 1.588068558957530586e-04 5.774489688149926359e-01
1.000000000000000000e+00 2.510644519411788238e-04 9.309964224819439194e-01
1.000000000000000000e+00 2.098559978374670888e-04 3.782282653989483268e-01
1.000000000000000000e+00 1.966660118084163092e-05 5.414267609135941378e-02
1.000000000000000000e+00 1.831800981227023643e-03 9.720762621474088316e-01
2.000000000000000000e+00 2.299660932629813562e-05 3.175884650666679354e-01
1.000000000000000000e+00 2.309682183625955175e-05 1.999613920505391440e-01
2.000000000000000000e+00 5.908176878387474176e-06 8.306507644191003792e-02
1.000000000000000000e+00 6.004045657414319931e-05 2.843333247547126241e-01
2.000000000000000000e+00 4.508887674112948571e-06 8.571430167807349287e-02
1.000000000000000000e+00 6.667135328338067107e-05 5.050182053300168450e-01
