1.000000000000000000e+00 2.258102899171822832e-04 4.651351274860641705e-01
1.000000000000000000e+00 2.625482184370053273e-08 5.047614514950910029e-05
1.000000000000000000e+00 5.777478516573386017e-04 7.123140573434587619e-01
1.000000000000000000e+00 7.720325843419944802e-06 2.517919599764817731e-02
1.000000000000000000e+00 3.771725080512736313e-04 5.712111642408611578e-01
2.000000000000000000e+00 6.530002001540716368e-04 9.048055412900082306e-01
1.000000000000000000e+00 1.087141370579390760e-03 6.428697423511685605e-01
2.000000000000000000e+00 8.045306798198845731e-05 1.270196666710342592e-01
1.000000000000000000e+00 7.261768934825205081e-05 1.940908124635185583e-01
1.000000000000000000e+00 5.058029903984860619e-04 6.477238863058875085e-01
1.000000000000000000e+00 2.851640606833197745e-04 5.228479276050190805e-01
1.000000000000000000e+00 2.703790202227921444e-04 4.183542118402415189e-01
1.000000000000000000e+00 3.965219661773055813e-04 9.122817572432327937e-01
1.000000000000000000e+00 1.809427034921486663e-04 8.751427680824248601e-01
2.000000000000000000e+00 4.694142837338953489e-04 7.897462971823810962e-01
1.000000000000000000e+00 3.176958041295303782e-05 1.000399459764458876e-01
1.000000000000000000e+00 1.020014982843502380e-04 2.259701060797810468e-01
1.000000000000000000e+00 6.111462521203674635e-04 6.104072699956797354e-01
1.000000000000000000e+00 2.233649325678009070e-05 9.695043602709247921e-01
1.000000000000000000e+00 3.678772161475803181e-04 9.507685137792335484e-01
2.000000000000000000e+00 4.698733653002309440e-06 3.969724030132133069e-02
2.000000000000000000e+00 9.385205405871781096e-05 7.065717613866335789e-01
2.000000000000000000e+00 1.218101391162067619e-05 1.714882029813728503e-01
2.000000000000000000e+00 9.193956587714218758e-06 1.390332063893441328e-01
2.000000000000000000e+00 1.011337340172230770e-07 1.926703680802386350e-04
2.000000000000000000e+00 4.125132392011386964e-06 3.878776832717343442e-02
1.000000000000000000e+00 6.832196904558416901e-04 9.515553211954621560e-01
1.000000000000000000e+00 7.326177284796456073e-04 9.077899609717605678e-01
1.000000000000000000e+00 1.175895074968237933e-03 8.370465317077004919e-01
1.000000000000000000e+00 8.045375371687941719e-04 8.110547011593420841e-01
1.000000000000000000e+00 2.604006166411008865e-05 3.922458429257308365e-02
1.000000000000000000e+00 9.390343296638583269e-04 5.909878460309569981e-01
1.000000000000000000e+00 2.741559581135067118e-04 6.966231487024856506e-01
1.000000000000000000e+00 7.654500282066523033e-05 5.118959967969015645e-01
1.000000000000000000e+00 7.458643459308734102e-05 5.884124343694234760e-01
1.000000000000000000e+00 1.548800221411291073e-05 1.349625068749138734e-01
1.000000000000000000e+00 6.061371532965377603e-06 2.270092836238699410e-02
1.000000000000000000e+00 3.561125631403114499e-05 1.683763151067910746e-01
1.000000000000000000e+00 8.703341755938629690e-04 6.513341788240497587e-01
1.000000000000000000e+00 2.603439410400519918e-04 3.190609583328913867e-01
2.000000000000000000e+00 4.365766901736560248e-06 3.277387112079566678e-01
1.000000000000000000e+00 4.224485140859486881e-05 1.770568740654415163e-01
1.000000000000000000e+00 1.024100040091378470e-04 2.234139090133403227e-01
1.000000000000000000e+00 1.879982507997110617e-04 2.550565330808233222e-01
1.000000000000000000e+00 2.026900311343991757e-04 6.976974703839213809e-01
1.000000000000000000e+00 2.671949707442373306e-04 9.186088668601382068e-01
1.000000000000000000e+00 1.691332550908739019e-04 2.731375565242302184e-01
1.000000000000000000e+00 1.695747378757855373e-05 4.599788239346619401e-02
1.000000000000000000e+00 1.831935020427811166e-03 9.632522422327194356e-01
2.000000000000000000e+00 2.029836582171487793e-05 2.801668696763737199e-01
1.000000000000000000e+00 2.418604087575065533e-05 2.196873445000850078e-01
2.000000000000000000e+00 6.830237341162751542e-06 1.146062623877774911e-01
1.000000000000000000e+00 5.153286172866143713e-05 2.691997559128045392e-01
2.000000000000000000e+00 4.472802190449333488e-06 9.569130987962254364e-02
1.000000000000000000e+00 6.366380149218550373e-05 4.865384361929320223e-01
