1.000000000000000000e+00 2.090925545098851353e-04 4.318756472754653464e-01
1.000000000000000000e+00 7.111485152596238289e-08 1.070478032707511374e-04
1.000000000000000000e+00 5.616097805195957018e-04 7.246459645341996048e-01
1.000000000000000000e+00 7.945378215101308155e-06 2.533432158465519571e-02
1.000000000000000000e+00 3.742141925126516995e-04 5.856456937593468304e-01
2.000000000000000000e+00 7.336353089480241244e-04 7.439289730659647271e-01
1.000000000000000000e+00 1.047181150912770888e-03 6.724409527061747660e-01
2.000000000000000000e+00 7.434667833842434066e-05 1.145750705816096088e-01
1.000000000000000000e+00 5.254818005947178047e-05 1.245752575375898702e-01
1.000000000000000000e+00 4.755119915526683904e-04 7.044419968529191944e-01
1.000000000000000000e+00 2.818331553562260358e-04 5.249919912215446072e-01
1.000000000000000000e+00 2.540837375935975275e-04 3.860960042228824274e-01
1.000000000000000000e+00 3.534570419484774615e-04 7.895879577182141063e-01
1.000000000000000000e+00 1.881958246190997800e-04 8.667222751044634244e-01
2.000000000000000000e+00 5.081162375057570032e-04 7.839818987307558551e-01
1.000000000000000000e+00 3.105326181715057656e-05 1.012027578512716824e-01
1.000000000000000000e+00 1.066275897873491613e-04 2.425929799767039818e-01
1.000000000000000000e+00 7.675742885510868129e-04 8.108116983891909824e-01
1.000000000000000000e+00 1.892510146006000813e-05 9.017552292614934295e-01
1.000000000000000000e+00 3.251074227137546683e-04 9.583006610644458911e-01
2.000000000000000000e+00 5.113276781063736874e-06 5.192944402710211738e-02
2.000000000000000000e+00 8.765050398370810873e-05 6.047571599129288877e-01
2.000000000000000000e+00 2.187128518562505872e-05 2.362229410952369490e-01
2.000000000000000000e+00 6.886710852847645819e-06 8.823515900272832502e-02
2.000000000000000000e+00 9.715942415422640197e-08 1.832239406169728106e-04
2.000000000000000000e+00 4.463529944431898614e-06 4.479457309215423289e-02
1.000000000000000000e+00 6.608045995878843041e-04 9.549428583669961057e-01
1.000000000000000000e+00 7.896833533637113468e-04 8.991716449964697322e-01
1.000000000000000000e+00 1.113260547883997316e-03 7.943326088524530482e-01
1.000000000000000000e+00 8.021347970899589527e-04 7.271234441579682573e-01
1.000000000000000000e+00 2.701767498364406023e-05 3.991649519596104922e-02
1.000000000000000000e+00 9.293589196740139474e-04 6.524062066963405293e-01
1.000000000000000000e+00 3.239012961319021229e-04 6.784096351722392892e-01
1.000000000000000000e+00 8.326708927789024366e-05 5.637634272533638136e-01
1.000000000000000000e+00 7.780727935285486297e-05 6.120641969182807340e-01
1.000000000000000000e+00 1.363473264677509627e-05 1.222018204760527138e-01
1.000000000000000000e+00 7.103939570080084469e-06 2.826836102571505388e-02
1.000000000000000000e+00 3.732601888660613408e-05 1.937204112405736811e-01
1.000000000000000000e+00 8.879158925798592795e-04 6.218733536758124236e-01
1.000000000000000000e+00 3.038974913146829152e-04 3.509251188408170630e-01
2.000000000000000000e+00 5.407494354097672171e-06 3.643878674411731855e-01
1.000000000000000000e+00 4.097585398419051220e-05 1.604270616462108723e-01
1.000000000000000000e+00 1.022373885492180182e-04 2.139438543852442143e-01
1.000000000000000000e+00 1.869377719021673772e-04 2.368275156712555118e-01
1.000000000000000000e+00 1.618503099543083985e-04 5.592198167698713140e-01
1.000000000000000000e+00 2.767155108725524552e-04 9.732474180748744708e-01
1.000000000000000000e+00 2.136876806731039023e-04 3.661822381197776810e-01
1.000000000000000000e+00 1.851688837247087945e-05 4.819871631487855634e-02
1.000000000000000000e+00 1.906431478160707524e-03 9.707132771986751729e-01
2.000000000000000000e+00 2.838625694053075051e-05 3.513895988668921944e-01
1.000000000000000000e+00 2.070352903460591585e-05 1.684972671332374550e-01
2.000000000000000000e+00 3.647917294667205836e-06 5.152295630114504810e-02
1.000000000000000000e+00 7.001622700059537889e-05 3.336955835619611621e-01
2.000000000000000000e+00 5.001998806739700148e-06 1.096548220713850080e-01
1.000000000000000000e+00 6.869069380754563023e-05 4.955638585113386063e-01
