1.000000000000000000e+00 2.169453613524032040e-04 4.510760499954173941e-01
1.000000000000000000e+00 3.196174226106814973e-08 5.863584143054662083e-05
1.000000000000000000e+00 5.741921424294633590e-04 6.966368434012911726e-01
1.000000000000000000e+00 7.655249405058075498e-06 2.478273293396374144e-02
1.000000000000000000e+00 3.604797504955612884e-04 5.760484130855065832e-01
2.000000000000000000e+00 6.432383509684899171e-04 8.948555745879952505e-01
1.000000000000000000e+00 1.099746615728882130e-03 6.336970944313000675e-01
2.000000000000000000e+00 7.743219299164137172e-05 1.211180764772879642e-01
1.000000000000000000e+00 7.085199052142730704e-05 1.817798719767790838e-01
1.000000000000000000e+00 5.188136973420327726e-04 6.354230287590338921e-01
1.000000000000000000e+00 2.903711082037625075e-04 5.018462576588890167e-01
1.000000000000000000e+00 2.455722751726477967e-04 3.730937380827700767e-01
1.000000000000000000e+00 4.239104587232891161e-04 9.340847864372996412e-01
1.000000000000000000e+00 2.048665806997489744e-04 8.585730727084652791e-01
2.000000000000000000e+00 5.116780969107345397e-04 7.655199796439057236e-01
1.000000000000000000e+00 3.107831607434665745e-05 9.510807615107523538e-02
1.000000000000000000e+00 9.583193226796308834e-05 2.109177835230499343e-01
1.000000000000000000e+00 6.167622656533626718e-04 5.865284195155644476e-01
1.000000000000000000e+00 2.333210561561638706e-05 9.666539405823635356e-01
1.000000000000000000e+00 3.865797018768400272e-04 9.473606264100524754e-01
2.000000000000000000e+00 5.032016913722367593e-06 5.006348059990749916e-02
2.000000000000000000e+00 9.142681502512088089e-05 6.650367519746765987e-01
2.000000000000000000e+00 1.643923449689952174e-05 2.039706676226819004e-01
2.000000000000000000e+00 5.339514196031696516e-06 7.007367553448158592e-02
2.000000000000000000e+00 1.032330530651052575e-07 1.980678910676373597e-04
2.000000000000000000e+00 3.952687528339065534e-06 3.833891461937890405e-02
1.000000000000000000e+00 7.102886261299916045e-04 9.489104289557095395e-01
1.000000000000000000e+00 7.686438303830523105e-04 9.038888756589914530e-01
1.000000000000000000e+00 1.213631404240299826e-03 8.340300951999547463e-01
1.000000000000000000e+00 8.452466276809821868e-04 7.982640609233382367e-01
1.000000000000000000e+00 2.427750127978143548e-05 3.476953445965186296e-02
1.000000000000000000e+00 1.031036640334541399e-03 6.956538544674910618e-01
1.000000000000000000e+00 3.020127322631234500e-04 6.730127678703349270e-01
1.000000000000000000e+00 7.569106479352589556e-05 4.810394348283476562e-01
1.000000000000000000e+00 7.263626504022057892e-05 5.385455471493083568e-01
1.000000000000000000e+00 1.204938601827926770e-05 9.709637530238651726e-02
1.000000000000000000e+00 5.862925042145872002e-06 2.227907380589554120e-02
1.000000000000000000e+00 3.171746403341867257e-05 1.420969243365055035e-01
1.000000000000000000e+00 8.762246462768976578e-04 6.440805246730777478e-01
1.000000000000000000e+00 2.510784906423459356e-04 3.024241402644123333e-01
2.000000000000000000e+00 4.684747288356952205e-06 3.039817153287247553e-01
1.000000000000000000e+00 3.933757911868832687e-05 1.529570991723384343e-01
1.000000000000000000e+00 1.004616963421097191e-04 2.076788882697904737e-01
1.000000000000000000e+00 1.894976003243909249e-04 2.452337934477412384e-01
1.000000000000000000e+00 2.209437757265753977e-04 7.239926447011245658e-01
1.000000000000000000e+00 3.003935274062559109e-04 9.137134433613243178e-01
1.000000000000000000e+00 1.812605736746314357e-04 2.945381582950731825e-01
1.000000000000000000e+00 1.574326961913755107e-05 4.192941588040456635e-02
1.000000000000000000e+00 1.868941973620286655e-03 9.612060856336567261e-01
2.000000000000000000e+00 2.476009322030379078e-05 3.273789595486566451e-01
1.000000000000000000e+00 2.472956804294054227e-05 2.460839633968041062e-01
2.000000000000000000e+00 5.037053971002104475e-06 6.558020171982498203e-02
1.000000000000000000e+00 5.686774578471705260e-05 2.692627671608177065e-01
2.000000000000000000e+00 4.468128891441777156e-06 9.167272111880252206e-02
1.000000000000000000e+00 6.480589951266824947e-05 4.590398924265744474e-01
