1.000000000000000000e+00 2.435542783701616040e-04 4.919447826695430570e-01
1.000000000000000000e+00 5.868347073842776685e-08 1.008358009103254389e-04
1.000000000000000000e+00 5.872082053261085252e-04 6.962799796213486880e-01
1.000000000000000000e+00 8.407600566197488611e-06 2.711555997448591993e-02
1.000000000000000000e+00 3.789249183028103591e-04 5.457447373029329363e-01
2.000000000000000000e+00 6.250109781825941230e-04 9.316403299804528748e-01
1.000000000000000000e+00 8.951362695061855328e-04 5.539283818819072946e-01
2.000000000000000000e+00 7.824046622012065201e-05 1.281359352128621509e-01
1.000000000000000000e+00 5.936655626575214340e-05 1.302534235750142377e-01
1.000000000000000000e+00 5.438749641308659273e-04 5.992145465469713717e-01
1.000000000000000000e+00 3.061557510980629894e-04 5.285588895467946413e-01
1.000000000000000000e+00 2.626483733941351473e-04 3.989502508338169662e-01
1.000000000000000000e+00 4.523450473806313668e-04 9.654173740178771945e-01
1.000000000000000000e+00 1.964699831745471794e-04 8.618961512572664851e-01
2.000000000000000000e+00 7.954710997471631804e-04 7.692587844106577588e-01
1.000000000000000000e+00 3.074823887845893559e-05 8.732299176449825895e-02
1.000000000000000000e+00 1.042500020562862526e-04 2.275383702943320485e-01
1.000000000000000000e+00 4.223403413395099867e-04 6.257475736166102642e-01
1.000000000000000000e+00 2.546036397149576167e-05 9.627782183062463250e-01
1.000000000000000000e+00 4.146444473878672953e-04 9.427162832278632720e-01
2.000000000000000000e+00 4.102505125596118877e-06 3.055116838286647124e-02
2.000000000000000000e+00 9.451457581388749394e-05 7.435684905790455046e-01
2.000000000000000000e+00 1.054910661839129577e-05 1.473021542452187527e-01
2.000000000000000000e+00 8.955391953491975986e-06 1.414443065245081788e-01
2.000000000000000000e+00 9.705269892065541514e-08 1.836772822824156058e-04
2.000000000000000000e+00 3.673442997922801172e-06 3.717285348541572720e-02
1.000000000000000000e+00 7.020374126591601800e-04 9.481093869779554373e-01
1.000000000000000000e+00 6.791541215991656966e-04 9.203498913463936670e-01
1.000000000000000000e+00 1.254739433113319673e-03 7.759038997418769013e-01
1.000000000000000000e+00 7.812615095840371848e-04 8.362831359774883788e-01
1.000000000000000000e+00 2.558486838012184622e-05 4.125206812410689428e-02
1.000000000000000000e+00 8.004484507968998540e-04 5.835518690497759620e-01
1.000000000000000000e+00 2.087884462274374679e-04 7.025424559192641194e-01
1.000000000000000000e+00 7.211995745611492594e-05 4.458873754337359663e-01
1.000000000000000000e+00 7.040950968993238651e-05 5.277872738732724001e-01
1.000000000000000000e+00 1.263557237832544970e-05 1.216961266060951341e-01
1.000000000000000000e+00 5.435804084260050657e-06 2.042313734246262169e-02
1.000000000000000000e+00 2.901247339898625711e-05 1.294648726234376435e-01
1.000000000000000000e+00 8.878320486234527777e-04 6.193019413513716209e-01
1.000000000000000000e+00 3.035821087081321716e-04 3.889331364676009151e-01
2.000000000000000000e+00 3.815837505191957098e-06 3.191816544406479994e-01
1.000000000000000000e+00 3.388924138346115244e-05 1.334326481595695668e-01
1.000000000000000000e+00 9.909938819651689104e-05 2.060825196784829838e-01
1.000000000000000000e+00 1.925838971665998775e-04 2.504252938909721782e-01
1.000000000000000000e+00 2.601440090257336329e-04 8.825959882122929034e-01
1.000000000000000000e+00 2.905974420495852735e-04 9.119187595311188943e-01
1.000000000000000000e+00 1.403660969503422356e-04 2.143649979422069252e-01
1.000000000000000000e+00 1.408180722765282742e-05 3.709820881710315654e-02
1.000000000000000000e+00 1.853494909812246176e-03 9.541019814111444397e-01
2.000000000000000000e+00 2.117286577381267433e-05 3.139897617138905361e-01
1.000000000000000000e+00 2.754884976782330183e-05 2.892060453521110852e-01
2.000000000000000000e+00 5.284326714646441658e-06 8.266037272844593831e-02
1.000000000000000000e+00 6.333055737250496686e-05 2.962071463674791905e-01
2.000000000000000000e+00 7.417634268191299995e-06 2.807646012204727537e-01
1.000000000000000000e+00 7.078393431613103049e-05 4.963971543762856764e-01
