1.000000000000000000e+00 2.181042349090542829e-04 4.400524524051081521e-01
1.000000000000000000e+00 6.046955999956531679e-08 7.897834021627152495e-05
1.000000000000000000e+00 6.100591329425699653e-04 6.703472412292884597e-01
1.000000000000000000e+00 7.768568568390840431e-06 2.377491541526892058e-02
1.000000000000000000e+00 3.521642241931709975e-04 4.755949817430898396e-01
2.000000000000000000e+00 6.925032316866959990e-04 8.795507947358938150e-01
1.000000000000000000e+00 1.140456103780725962e-03 6.083879756692085472e-01
2.000000000000000000e+00 7.515348160386845606e-05 1.183553626794543040e-01
1.000000000000000000e+00 4.988441363728356279e-05 1.141337421113509248e-01
1.000000000000000000e+00 5.763854828866408347e-04 5.675982157452451604e-01
1.000000000000000000e+00 2.962059418013026496e-04 4.701795084517056411e-01
1.000000000000000000e+00 2.355800731677915863e-04 3.401595855702989613e-01
1.000000000000000000e+00 5.941693832325769349e-04 9.742743778555991163e-01
1.000000000000000000e+00 2.384144928490889576e-04 8.326898103911937188e-01
2.000000000000000000e+00 6.083128154882327812e-04 6.991215681752067646e-01
1.000000000000000000e+00 2.906961211340240725e-05 7.176832752143787186e-02
1.000000000000000000e+00 9.179839155471674131e-05 1.917717081732009665e-01
1.000000000000000000e+00 5.439968635767517078e-04 5.850811436738698745e-01
1.000000000000000000e+00 2.788685618230330837e-05 9.571700000655355423e-01
1.000000000000000000e+00 4.512609295147218514e-04 9.357574700805584289e-01
2.000000000000000000e+00 4.870436362590479764e-06 5.755601257693665485e-02
2.000000000000000000e+00 8.790991852234997803e-05 6.608112830017095485e-01
2.000000000000000000e+00 1.884325923560182210e-05 1.700600165066345759e-01
2.000000000000000000e+00 6.005998050056273575e-06 6.606675246163717929e-02
2.000000000000000000e+00 1.117303131390161383e-07 2.174307210882174676e-04
2.000000000000000000e+00 4.112182885156031784e-06 6.568120858409910723e-02
1.000000000000000000e+00 7.710243645985491966e-04 9.402268001990885526e-01
1.000000000000000000e+00 7.768116922006592859e-04 9.116230654516697118e-01
1.000000000000000000e+00 1.290003548982807634e-03 8.193886734004750538e-01
1.000000000000000000e+00 7.935146621691582022e-04 8.072092974565987511e-01
1.000000000000000000e+00 2.217848663868843571e-05 3.145510460014142029e-02
1.000000000000000000e+00 1.018365529179629178e-03 7.098634479090262239e-01
1.000000000000000000e+00 2.737175941310758618e-04 6.440086590096449903e-01
1.000000000000000000e+00 6.926710795347090961e-05 3.930516970474135507e-01
1.000000000000000000e+00 6.745509607355749959e-05 4.476626058435645983e-01
1.000000000000000000e+00 4.987711407261989085e-06 4.599378613462475757e-02
1.000000000000000000e+00 4.888343623063118159e-06 1.869242353781420604e-02
1.000000000000000000e+00 2.573897128469156088e-05 1.010961067105590611e-01
1.000000000000000000e+00 8.995196991507555103e-04 6.082728968863789776e-01
1.000000000000000000e+00 2.220520135407488523e-04 2.787963597005242988e-01
2.000000000000000000e+00 3.835910512501123326e-06 2.311020176024683459e-01
1.000000000000000000e+00 2.374104008022654395e-05 7.688182387907099846e-02
1.000000000000000000e+00 9.606981882820094052e-05 1.864892189432550973e-01
1.000000000000000000e+00 1.933168611758882133e-04 2.275645219857742041e-01
1.000000000000000000e+00 2.951075979917186076e-04 8.678241530740934406e-01
1.000000000000000000e+00 3.926684176708330749e-04 8.804681089241007674e-01
1.000000000000000000e+00 1.477330880501233346e-04 2.160542453322405188e-01
1.000000000000000000e+00 1.296200833929636287e-05 3.335682391108628353e-02
1.000000000000000000e+00 1.941655276631008712e-03 9.484475361068412935e-01
2.000000000000000000e+00 3.042991920717406075e-05 3.799799882290854081e-01
1.000000000000000000e+00 2.693753393576599220e-05 2.371500343776803132e-01
2.000000000000000000e+00 3.427776289560581113e-06 4.263646801664162239e-02
1.000000000000000000e+00 4.115156801485294632e-05 1.857120818362866799e-01
2.000000000000000000e+00 4.594738956741206020e-06 1.006693796652455147e-01
1.000000000000000000e+00 6.067051322767541923e-05 4.026955967490877253e-01
