1.000000000000000000e+00 2.133680807986966120e-04 4.267446149623880802e-01
1.000000000000000000e+00 6.945193722267008770e-08 9.097566825396514610e-05
1.000000000000000000e+00 5.885483434647167814e-04 6.969815664559146917e-01
1.000000000000000000e+00 7.047375022135225303e-06 2.208217401466590693e-02
1.000000000000000000e+00 3.637168031475141914e-04 5.224036280807978772e-01
2.000000000000000000e+00 5.864344380699716176e-04 8.962309064626499122e-01
1.000000000000000000e+00 1.112778012128804936e-03 6.266790019457100236e-01
2.000000000000000000e+00 7.511709586622665198e-05 1.217523006148175657e-01
1.000000000000000000e+00 5.276146509344212401e-05 1.233030727284235156e-01
1.000000000000000000e+00 5.632929492017185952e-04 6.010430521824245975e-01
1.000000000000000000e+00 2.961015249466125493e-04 4.841501470518203565e-01
1.000000000000000000e+00 2.349466446320423903e-04 3.417728094354640644e-01
1.000000000000000000e+00 5.843954683543705090e-04 9.666493660303996371e-01
1.000000000000000000e+00 2.267956519217773439e-04 8.386489090089607190e-01
2.000000000000000000e+00 5.887095119387396411e-04 7.207304382732824255e-01
1.000000000000000000e+00 2.943309663262463254e-05 7.920986987407575841e-02
1.000000000000000000e+00 9.557101282492997123e-05 2.034721096767723725e-01
1.000000000000000000e+00 5.165243023463276378e-04 5.650861897031472791e-01
1.000000000000000000e+00 2.449621230914346859e-05 9.632451010895662913e-01
1.000000000000000000e+00 4.142040972016854420e-04 9.433539478192221051e-01
2.000000000000000000e+00 4.860922197567248928e-06 5.407677000270616485e-02
2.000000000000000000e+00 8.831477359610588390e-05 6.405051143811427705e-01
2.000000000000000000e+00 1.649105961673946781e-05 1.623094770511153695e-01
2.000000000000000000e+00 6.156478220878790360e-06 6.975352529905400056e-02
2.000000000000000000e+00 1.087041544803686580e-07 2.097308479186128045e-04
2.000000000000000000e+00 4.500870347092462623e-06 6.844475581619335891e-02
1.000000000000000000e+00 7.419225368533045439e-04 9.460459813970091281e-01
1.000000000000000000e+00 7.863922154615391423e-04 9.036244534911254123e-01
1.000000000000000000e+00 1.267505539262207522e-03 8.171974213598011128e-01
1.000000000000000000e+00 7.981367690569923139e-04 7.758143363800433789e-01
1.000000000000000000e+00 2.361703320892255141e-05 3.390192336965248271e-02
1.000000000000000000e+00 9.453544840717273932e-04 7.170038955167616912e-01
1.000000000000000000e+00 2.562694603917309191e-04 6.147677822945447623e-01
1.000000000000000000e+00 7.432045980508402902e-05 4.402627925153203559e-01
1.000000000000000000e+00 7.208584121678207634e-05 4.842578075956869288e-01
1.000000000000000000e+00 7.072774492101703748e-06 6.093292142619990970e-02
1.000000000000000000e+00 5.327714169341056845e-06 1.995608495968975021e-02
1.000000000000000000e+00 2.890921874154592060e-05 1.213235449008857464e-01
1.000000000000000000e+00 8.714952047389654902e-04 5.850618354735437343e-01
1.000000000000000000e+00 2.469050595255724138e-04 2.973594198830913360e-01
2.000000000000000000e+00 3.307769375961485616e-06 2.082796813915835099e-01
1.000000000000000000e+00 2.513010346079263524e-05 8.597332655678209534e-02
1.000000000000000000e+00 9.611295550180478438e-05 1.898338796074743595e-01
1.000000000000000000e+00 1.892082224394771111e-04 2.246893817930303572e-01
1.000000000000000000e+00 2.591716531224160566e-04 8.550318692784393271e-01
1.000000000000000000e+00 3.585353078530736492e-04 8.770089365587472319e-01
1.000000000000000000e+00 1.425160496428416789e-04 2.061525475994768763e-01
1.000000000000000000e+00 1.469639015320963703e-05 3.800487649070494883e-02
1.000000000000000000e+00 1.914421311102152421e-03 9.575612414292759000e-01
2.000000000000000000e+00 3.428821143442597157e-05 4.189799127225894426e-01
1.000000000000000000e+00 2.750089519702596816e-05 2.315788361027117936e-01
2.000000000000000000e+00 3.631625726019298404e-06 4.518709046606355501e-02
1.000000000000000000e+00 3.911326072710592393e-05 1.897713677698142642e-01
2.000000000000000000e+00 5.865136062877962908e-06 1.266764196310264379e-01
1.000000000000000000e+00 6.302124205656742218e-05 4.420329590820492038e-01
