1.000000000000000000e+00 2.215297834797933169e-04 4.561656535709853744e-01
1.000000000000000000e+00 3.144304949897984802e-08 5.776018336128162554e-05
1.000000000000000000e+00 5.983105106470367092e-04 6.765079970517999808e-01
1.000000000000000000e+00 7.798382698622905780e-06 2.469058257450268412e-02
1.000000000000000000e+00 3.561343856422988859e-04 5.317175944334622262e-01
2.000000000000000000e+00 6.686319094095127986e-04 9.161407121283706712e-01
1.000000000000000000e+00 1.131821063815463850e-03 6.146969711371347289e-01
2.000000000000000000e+00 7.748499144836706811e-05 1.211037446528938077e-01
1.000000000000000000e+00 6.362339684245262722e-05 1.571021067873096810e-01
1.000000000000000000e+00 5.538772981216995642e-04 5.889217828634460972e-01
1.000000000000000000e+00 2.943246681096150998e-04 4.825669381204650277e-01
1.000000000000000000e+00 2.425320982019810536e-04 3.596812464277376886e-01
1.000000000000000000e+00 5.010002691975387525e-04 9.701895244931966200e-01
1.000000000000000000e+00 2.238015499841151425e-04 8.446766174694236851e-01
2.000000000000000000e+00 5.621614881886787592e-04 7.278801135501307140e-01
1.000000000000000000e+00 2.996907304882266422e-05 8.041392011785902794e-02
1.000000000000000000e+00 9.189967220762424891e-05 1.960951549428181506e-01
1.000000000000000000e+00 5.779984427627406739e-04 5.715206891592882199e-01
1.000000000000000000e+00 2.664389197555576985e-05 9.604585303954041864e-01
1.000000000000000000e+00 4.322015954810198585e-04 9.390741517913449021e-01
2.000000000000000000e+00 4.927843795642967684e-06 5.547443774133663241e-02
2.000000000000000000e+00 8.973099089747138546e-05 6.734702757576633836e-01
2.000000000000000000e+00 1.674629652695677577e-05 1.941233550831285848e-01
2.000000000000000000e+00 5.310620828543443828e-06 6.722439978778997627e-02
2.000000000000000000e+00 1.084972686543284930e-07 2.099315995408305893e-04
2.000000000000000000e+00 3.896953791110978156e-06 4.190697043438236513e-02
1.000000000000000000e+00 7.500964119864620989e-04 9.425475869162693865e-01
1.000000000000000000e+00 7.687230877227535595e-04 9.101608861923696780e-01
1.000000000000000000e+00 1.263512809675657305e-03 8.311673881375073458e-01
1.000000000000000000e+00 8.272124817980002799e-04 8.176855719192506200e-01
1.000000000000000000e+00 2.279658145143336083e-05 3.230974958274165920e-02
1.000000000000000000e+00 1.008147282003956464e-03 6.780731285934098462e-01
1.000000000000000000e+00 2.911283372042291475e-04 6.871467909635747828e-01
1.000000000000000000e+00 7.074096661150022303e-05 4.196407522962189440e-01
1.000000000000000000e+00 6.857778832134001383e-05 4.803305008211540272e-01
1.000000000000000000e+00 8.423864478193609747e-06 6.927784046348349489e-02
1.000000000000000000e+00 5.209142765064791921e-06 1.988747642621306599e-02
1.000000000000000000e+00 2.745028289771666579e-05 1.121490378554564488e-01
1.000000000000000000e+00 8.893162214782928668e-04 6.378621826251124061e-01
1.000000000000000000e+00 2.261361760904797809e-04 2.846639730139621238e-01
2.000000000000000000e+00 4.366130846282939378e-06 2.830650394581575302e-01
1.000000000000000000e+00 3.203965370661732994e-05 1.165550146056187480e-01
1.000000000000000000e+00 9.809031669434703428e-05 1.965312578121975740e-01
1.000000000000000000e+00 1.920945646027979667e-04 2.388048160387591101e-01
1.000000000000000000e+00 2.694210723534579089e-04 8.759057777255720989e-01
1.000000000000000000e+00 3.449546379094235444e-04 8.951354397883386493e-01
1.000000000000000000e+00 1.628799252145621875e-04 2.518650933346216481e-01
1.000000000000000000e+00 1.369219507028887473e-05 3.587748278044766703e-02
1.000000000000000000e+00 1.896697858775885613e-03 9.510435188453235655e-01
2.000000000000000000e+00 2.546159946940888225e-05 3.306196114619205373e-01
1.000000000000000000e+00 2.588487016785990193e-05 2.535395203439937406e-01
2.000000000000000000e+00 4.705552016650771919e-06 6.040223907425518873e-02
1.000000000000000000e+00 4.901611289920714036e-05 2.305925149233522264e-01
2.000000000000000000e+00 4.261885420374319805e-06 9.376926518026837409e-02
1.000000000000000000e+00 6.188380164036968957e-05 4.222690077266175179e-01
