1.000000000000000000e+00 2.259686408374053331e-04 4.645887035993758740e-01
1.000000000000000000e+00 2.681042820710579318e-08 5.184517524762737961e-05
1.000000000000000000e+00 5.833603600338156930e-04 7.044873276646552718e-01
1.000000000000000000e+00 7.737899929229932300e-06 2.509190600055326986e-02
1.000000000000000000e+00 3.742246277020841992e-04 5.618714980900869627e-01
2.000000000000000000e+00 6.558301603185756222e-04 9.059401070976638159e-01
1.000000000000000000e+00 1.099689579896506730e-03 6.337132905234809099e-01
2.000000000000000000e+00 7.990035553325236528e-05 1.257397354754581920e-01
1.000000000000000000e+00 7.041100208059684451e-05 1.872670721366734292e-01
1.000000000000000000e+00 5.186197485140119513e-04 6.323310787302534042e-01
1.000000000000000000e+00 2.880450289816452198e-04 5.132842860978494848e-01
1.000000000000000000e+00 2.655444429788995919e-04 4.071060498169533082e-01
1.000000000000000000e+00 4.193443345985058460e-04 9.353327440649396030e-01
1.000000000000000000e+00 1.904528726493308604e-04 8.684224164158185211e-01
2.000000000000000000e+00 4.948358812908832619e-04 7.738384805498924601e-01
1.000000000000000000e+00 3.126259677381799788e-05 9.678116638452732845e-02
1.000000000000000000e+00 9.954876827834564876e-05 2.184071152827748996e-01
1.000000000000000000e+00 6.048864922466386414e-04 6.074290985097685613e-01
1.000000000000000000e+00 2.330256048310704400e-05 9.674836268204314305e-01
1.000000000000000000e+00 3.847145221649483546e-04 9.479775168971575905e-01
2.000000000000000000e+00 4.733194640178549348e-06 4.088297722449572152e-02
2.000000000000000000e+00 9.306959173849143100e-05 7.007645618406197485e-01
2.000000000000000000e+00 1.263114711840049846e-05 1.777941910348920795e-01
2.000000000000000000e+00 8.859677969693377020e-06 1.342026672250152819e-01
2.000000000000000000e+00 1.029823661554536336e-07 1.971959136210232888e-04
2.000000000000000000e+00 4.104036170049818804e-06 3.952075992039408292e-02
1.000000000000000000e+00 6.996183227051928043e-04 9.494524797185724951e-01
1.000000000000000000e+00 7.418400437057069263e-04 9.077231763769317840e-01
1.000000000000000000e+00 1.197762048891578071e-03 8.359113628520334904e-01
1.000000000000000000e+00 8.053216366867406656e-04 8.135567608624930669e-01
1.000000000000000000e+00 2.525425809742926159e-05 3.753727966334891725e-02
1.000000000000000000e+00 9.413468856851324625e-04 5.955419075785784999e-01
1.000000000000000000e+00 2.747539987937530300e-04 6.966380356485121217e-01
1.000000000000000000e+00 7.516221603327729586e-05 4.873040525080176710e-01
1.000000000000000000e+00 7.310649827963272497e-05 5.605600389767999570e-01
1.000000000000000000e+00 1.410455563970021772e-05 1.226123534754638283e-01
1.000000000000000000e+00 5.859760882229349813e-06 2.196936843687633326e-02
1.000000000000000000e+00 3.330187768238184896e-05 1.517660776842495451e-01
1.000000000000000000e+00 8.741806250270942177e-04 6.471570471194042495e-01
1.000000000000000000e+00 2.515761275184466399e-04 3.091186743897189615e-01
2.000000000000000000e+00 4.333412671564619243e-06 3.196778638466880595e-01
1.000000000000000000e+00 3.958450654658712516e-05 1.609826974766675467e-01
1.000000000000000000e+00 1.011374503428935959e-04 2.162527492257981521e-01
1.000000000000000000e+00 1.889187217838288007e-04 2.511849936836829666e-01
1.000000000000000000e+00 2.186666062606040122e-04 7.375919284420082711e-01
1.000000000000000000e+00 2.821979068466692994e-04 9.141782593111664745e-01
1.000000000000000000e+00 1.662226173647461799e-04 2.646415923177274365e-01
1.000000000000000000e+00 1.602859161556231544e-05 4.312298881693431979e-02
1.000000000000000000e+00 1.843820834059049611e-03 9.612839732305142881e-01
2.000000000000000000e+00 2.099282771709399742e-05 2.868699831437495629e-01
1.000000000000000000e+00 2.450047584797139055e-05 2.351305471779106260e-01
2.000000000000000000e+00 6.508970242100295591e-06 1.029441856614136536e-01
1.000000000000000000e+00 5.082581259200039006e-05 2.634900848374086002e-01
2.000000000000000000e+00 4.451892830815656443e-06 9.692916683683110157e-02
1.000000000000000000e+00 6.319870756028893788e-05 4.739204094705861126e-01
