1.000000000000000000e+00 2.239067544805680354e-04 4.578198827545368887e-01
1.000000000000000000e+00 3.057358605067189324e-08 5.582771237896554280e-05
1.000000000000000000e+00 6.073562891726475010e-04 6.704607562183818592e-01
1.000000000000000000e+00 7.849152260899511929e-06 2.460493005818305962e-02
1.000000000000000000e+00 3.559949771639266450e-04 5.131835318055317785e-01
2.000000000000000000e+00 6.844413269979197781e-04 9.194463197049620451e-01
1.000000000000000000e+00 1.140385179175453824e-03 6.084096666793565866e-01
2.000000000000000000e+00 7.788356612187440845e-05 1.216000169623838167e-01
1.000000000000000000e+00 6.109146342511593772e-05 1.491321762262563244e-01
1.000000000000000000e+00 5.636793494293136988e-04 5.749946494300226529e-01
1.000000000000000000e+00 2.948599226154725904e-04 4.767174663048884820e-01
1.000000000000000000e+00 2.428504149783578502e-04 3.574301678057809073e-01
1.000000000000000000e+00 5.292940786930385539e-04 9.741316008255712644e-01
1.000000000000000000e+00 2.289378390740666501e-04 8.409067724680050482e-01
2.000000000000000000e+00 5.748634864240196631e-04 7.175300230140759794e-01
1.000000000000000000e+00 2.965127406089656373e-05 7.642233674194720550e-02
1.000000000000000000e+00 9.096975857782650611e-05 1.923801301630637672e-01
1.000000000000000000e+00 5.636282514619829010e-04 5.642083416712472266e-01
1.000000000000000000e+00 2.781695314598004633e-05 9.581912334349793614e-01
1.000000000000000000e+00 4.458569575644325943e-04 9.363643779274993806e-01
2.000000000000000000e+00 4.904133439634575957e-06 5.673943083357175371e-02
2.000000000000000000e+00 8.903590253525947703e-05 6.759999958552129762e-01
2.000000000000000000e+00 1.681706908063408120e-05 1.907069351147743785e-01
2.000000000000000000e+00 5.288290455721602235e-06 6.637414470097377506e-02
2.000000000000000000e+00 1.101802726783186272e-07 2.140550275320581453e-04
2.000000000000000000e+00 3.889828904090986836e-06 4.491895861395468065e-02
1.000000000000000000e+00 7.621066788263587558e-04 9.409261022952600806e-01
1.000000000000000000e+00 7.677278784771142438e-04 9.127584728376546552e-01
1.000000000000000000e+00 1.277227145143549876e-03 8.299761597564588866e-01
1.000000000000000000e+00 8.211434350073343888e-04 8.247260443903203786e-01
1.000000000000000000e+00 2.240125239839165750e-05 3.165178702000748245e-02
1.000000000000000000e+00 9.809926915274455247e-04 6.613575301056235922e-01
1.000000000000000000e+00 2.868261833885354852e-04 6.890822881868282623e-01
1.000000000000000000e+00 6.913134036427407726e-05 4.022510974126669581e-01
1.000000000000000000e+00 6.725052586291179043e-05 4.637803821186063380e-01
1.000000000000000000e+00 7.248281815943205403e-06 6.061899414345899711e-02
1.000000000000000000e+00 5.011333545537176242e-06 1.922799169582263545e-02
1.000000000000000000e+00 2.636293457787815294e-05 1.049849830283895863e-01
1.000000000000000000e+00 8.948429666873820203e-04 6.369629345988689906e-01
1.000000000000000000e+00 2.189937722396154975e-04 2.753863027789836271e-01
2.000000000000000000e+00 4.268678769754716368e-06 2.773572100133227525e-01
1.000000000000000000e+00 2.986495085545503930e-05 1.063323777991283803e-01
1.000000000000000000e+00 9.752789076807071760e-05 1.939790160437558919e-01
1.000000000000000000e+00 1.927854630847694833e-04 2.369532391897218870e-01
1.000000000000000000e+00 2.847879175255304835e-04 8.720374062771384382e-01
1.000000000000000000e+00 3.604148471054611168e-04 8.897924084890546093e-01
1.000000000000000000e+00 1.581462484778885062e-04 2.433146395784896443e-01
1.000000000000000000e+00 1.312768293762764289e-05 3.423530205485355443e-02
1.000000000000000000e+00 1.907349890276193068e-03 9.493796140158489161e-01
2.000000000000000000e+00 2.565351650288235426e-05 3.316575802919752847e-01
1.000000000000000000e+00 2.612841303542444690e-05 2.564140606169792447e-01
2.000000000000000000e+00 4.644648530003975163e-06 5.943117711862987151e-02
1.000000000000000000e+00 4.581869412324083321e-05 2.142248208635386675e-01
2.000000000000000000e+00 4.163594810627661426e-06 9.285322369208162674e-02
1.000000000000000000e+00 6.074470644615985752e-05 4.103455041230797407e-01
