1.000000000000000000e+00 2.148339818208438588e-04 4.440626751663623306e-01
1.000000000000000000e+00 4.052234932455101604e-08 7.205406414079202758e-05
1.000000000000000000e+00 5.731074339228970716e-04 7.037387672892625456e-01
1.000000000000000000e+00 7.813150505450243253e-06 2.519200673182523179e-02
1.000000000000000000e+00 3.635323475282115730e-04 5.712802645375967270e-01
2.000000000000000000e+00 6.796067885221369334e-04 8.338886315354551160e-01
1.000000000000000000e+00 1.087289175187650808e-03 6.429320183638671526e-01
2.000000000000000000e+00 7.573894713664974787e-05 1.175183855387808840e-01
1.000000000000000000e+00 6.191294637631018967e-05 1.526381432019646711e-01
1.000000000000000000e+00 5.095840773328534374e-04 6.517410944603305722e-01
1.000000000000000000e+00 2.892483724470258362e-04 5.065661469888590451e-01
1.000000000000000000e+00 2.479886361376574004e-04 3.749758437575903547e-01
1.000000000000000000e+00 4.046470094340623132e-04 9.052604714589365109e-01
1.000000000000000000e+00 2.029433532543488124e-04 8.586379548957928654e-01
2.000000000000000000e+00 5.237203146080388191e-04 7.640760073040978595e-01
1.000000000000000000e+00 3.089229193100683586e-05 9.824003141529816241e-02
1.000000000000000000e+00 9.869238089123651613e-05 2.184751835033987843e-01
1.000000000000000000e+00 6.618415128402963064e-04 6.506975140699455817e-01
1.000000000000000000e+00 2.207886410971624661e-05 9.675821458779410023e-01
1.000000000000000000e+00 3.726954076016904456e-04 9.499035931363130070e-01
2.000000000000000000e+00 5.029969455119438385e-06 5.115101665173929502e-02
2.000000000000000000e+00 8.987441170469668856e-05 6.444728167538383845e-01
2.000000000000000000e+00 1.844318975777239482e-05 2.140744756695959761e-01
2.000000000000000000e+00 5.972296220235718075e-06 8.001824863915847630e-02
2.000000000000000000e+00 1.017789098392330461e-07 1.944032624802229700e-04
2.000000000000000000e+00 4.146386107323887949e-06 4.116686961107689918e-02
1.000000000000000000e+00 6.991364129510997975e-04 9.502566284854250256e-01
1.000000000000000000e+00 7.773296706524472025e-04 9.017659810479536908e-01
1.000000000000000000e+00 1.187755976449430184e-03 8.226115955622458342e-01
1.000000000000000000e+00 8.225210394824347855e-04 7.733048339351030753e-01
1.000000000000000000e+00 2.494072131243918927e-05 3.598438438494731828e-02
1.000000000000000000e+00 1.006056398372185030e-03 6.873139104054218906e-01
1.000000000000000000e+00 3.101686640085831326e-04 6.789109798267271012e-01
1.000000000000000000e+00 7.784500474555450570e-05 4.987024600867436819e-01
1.000000000000000000e+00 7.382097882510137024e-05 5.521360623136983836e-01
1.000000000000000000e+00 1.189450735003222196e-05 1.004960925381647718e-01
1.000000000000000000e+00 6.209847317662642177e-06 2.395792211648965775e-02
1.000000000000000000e+00 3.252792177733919985e-05 1.506731005389291000e-01
1.000000000000000000e+00 8.829965207401962307e-04 6.331977832839350562e-01
1.000000000000000000e+00 2.646825169584422245e-04 3.132300057410807304e-01
2.000000000000000000e+00 4.909588593370227927e-06 3.233806336680566940e-01
1.000000000000000000e+00 3.838368535725939022e-05 1.467234651138257240e-01
1.000000000000000000e+00 1.004036528697894472e-04 2.069074612520364065e-01
1.000000000000000000e+00 1.891064826124485144e-04 2.403645951791749946e-01
1.000000000000000000e+00 2.060007229628305449e-04 6.750273511461738485e-01
1.000000000000000000e+00 2.991924504470525872e-04 9.311039047904405841e-01
1.000000000000000000e+00 1.898798161823829120e-04 3.095922081760001943e-01
1.000000000000000000e+00 1.625749900407317684e-05 4.289549959761928405e-02
1.000000000000000000e+00 1.886437144529317690e-03 9.628263872832918402e-01
2.000000000000000000e+00 2.627121497947239488e-05 3.354245046285203036e-01
1.000000000000000000e+00 2.331967821947514014e-05 2.094201408389290697e-01
2.000000000000000000e+00 4.411501230757390224e-06 5.890164628240172201e-02
1.000000000000000000e+00 6.036434234918535715e-05 2.863932066937034393e-01
2.000000000000000000e+00 4.682112022434775466e-06 1.041682352306492892e-01
1.000000000000000000e+00 6.590138937162857242e-05 4.670099076284063289e-01
