1.000000000000000000e+00 2.508996798864158951e-04 5.990001867643548472e-01
1.000000000000000000e+00 6.689479286668269980e-08 1.334568975945258371e-04
1.000000000000000000e+00 5.799659945488360759e-04 6.720503021154607959e-01
1.000000000000000000e+00 9.788383366451709297e-06 3.210280872871382196e-02
1.000000000000000000e+00 3.980835268720329034e-04 4.810060076095475923e-01
2.000000000000000000e+00 6.295340622845572390e-04 9.374261250282641678e-01
1.000000000000000000e+00 9.424058499073306033e-04 5.795706081973900359e-01
2.000000000000000000e+00 1.162354547823946598e-04 2.069207199762353455e-01
1.000000000000000000e+00 5.182058744675155056e-05 1.242329359355890533e-01
1.000000000000000000e+00 3.766695419052102072e-04 5.723904061788924746e-01
1.000000000000000000e+00 3.328786038064103546e-04 6.068541675327919771e-01
1.000000000000000000e+00 2.896984805872799499e-04 4.538786156034237962e-01
1.000000000000000000e+00 3.985118356501635346e-04 9.836167574425301874e-01
1.000000000000000000e+00 1.668616964803861956e-04 8.797820149220257901e-01
2.000000000000000000e+00 7.351682507622822691e-04 7.507475399293042084e-01
1.000000000000000000e+00 3.185858871941083263e-05 8.551075605972190130e-02
1.000000000000000000e+00 1.152804146979109334e-04 2.921390812674896087e-01
1.000000000000000000e+00 4.001178859860651848e-04 6.273563810350673009e-01
1.000000000000000000e+00 2.577701703927025046e-05 9.495810493688191523e-01
1.000000000000000000e+00 3.849801087581907573e-04 9.468019265457352507e-01
2.000000000000000000e+00 3.955660513787961188e-06 3.117845814521283052e-02
2.000000000000000000e+00 8.318535157320449259e-05 7.704824716663952744e-01
2.000000000000000000e+00 2.470985249925738462e-05 3.137403716354245642e-01
2.000000000000000000e+00 1.280563069325950644e-05 2.368165266872832020e-01
2.000000000000000000e+00 1.566762517937791105e-06 3.947480652721461689e-03
2.000000000000000000e+00 5.885622273662576949e-06 1.105487059028507774e-01
1.000000000000000000e+00 6.610774341187913026e-04 9.522932541366504466e-01
1.000000000000000000e+00 5.373253412880002033e-04 9.543023331851450131e-01
1.000000000000000000e+00 1.279135797414559551e-03 8.874800272870941864e-01
1.000000000000000000e+00 6.638420769853741214e-04 8.698347442179016342e-01
1.000000000000000000e+00 2.618787018232624243e-05 4.735756104971652891e-02
1.000000000000000000e+00 9.576737317915169547e-04 6.664693892778037476e-01
1.000000000000000000e+00 2.624881874445430803e-04 8.900403132078894552e-01
1.000000000000000000e+00 7.223014456712489103e-05 4.951215236826180810e-01
1.000000000000000000e+00 6.685998781315232527e-05 5.371916303353561073e-01
1.000000000000000000e+00 6.487417404721352692e-06 5.823797914729245129e-02
1.000000000000000000e+00 5.749726849239328809e-06 2.175313110705041561e-02
1.000000000000000000e+00 5.353477021907527238e-05 2.253053472145736258e-01
1.000000000000000000e+00 8.747751979485977793e-04 6.309622902387062027e-01
1.000000000000000000e+00 2.188897577187036967e-04 2.299851873876965769e-01
2.000000000000000000e+00 2.728825942286899702e-06 2.869326234391307850e-01
1.000000000000000000e+00 3.196050009680829682e-05 1.097684553355845888e-01
1.000000000000000000e+00 1.021648416264408956e-04 2.395720655466223592e-01
1.000000000000000000e+00 1.985178796109873973e-04 3.029318540733131337e-01
1.000000000000000000e+00 2.686643546029659157e-04 8.908928509052493894e-01
1.000000000000000000e+00 2.348763580263104678e-04 9.353360595544309986e-01
1.000000000000000000e+00 1.583217678382729213e-04 2.730672632693392776e-01
1.000000000000000000e+00 1.913356704489473060e-05 4.995523720340019208e-02
1.000000000000000000e+00 1.799195283986368236e-03 9.501546678380999866e-01
2.000000000000000000e+00 2.602903615216347482e-05 3.958813419019138191e-01
1.000000000000000000e+00 2.661011915889369749e-05 2.978176266269656480e-01
2.000000000000000000e+00 9.185289278262352605e-06 1.696593163594677656e-01
1.000000000000000000e+00 5.264668066369626798e-05 2.604050833411718502e-01
2.000000000000000000e+00 1.382645114245903902e-05 6.700414580512779050e-01
1.000000000000000000e+00 6.007815653519127928e-05 5.055274322672805853e-01
