1.000000000000000000e+00 2.202841858592839708e-04 4.502503812335292843e-01
1.000000000000000000e+00 4.062066447135741959e-08 7.108038165638126649e-05
1.000000000000000000e+00 6.076197366525772602e-04 6.685143169585224809e-01
1.000000000000000000e+00 8.018286361141737335e-06 2.489841034428727159e-02
1.000000000000000000e+00 3.509668756209420462e-04 4.957876938805312883e-01
2.000000000000000000e+00 7.043082936534390825e-04 8.783129758817928012e-01
1.000000000000000000e+00 1.140412653245654337e-03 6.084012642309669650e-01
2.000000000000000000e+00 7.578281232019366852e-05 1.175125988489256895e-01
1.000000000000000000e+00 5.467934682776978759e-05 1.290321412118788369e-01
1.000000000000000000e+00 5.662355120887648408e-04 5.743694201558136037e-01
1.000000000000000000e+00 2.949271755956888721e-04 4.739048004552074977e-01
1.000000000000000000e+00 2.389624190775600961e-04 3.494683451503455274e-01
1.000000000000000000e+00 5.340957427906742935e-04 9.737777277230902362e-01
1.000000000000000000e+00 2.335646390851463911e-04 8.371633095179104034e-01
2.000000000000000000e+00 5.923155448108365778e-04 7.081342307735203345e-01
1.000000000000000000e+00 2.940774087748431950e-05 7.506350316590781890e-02
1.000000000000000000e+00 9.144912706531322538e-05 1.924399449072305424e-01
1.000000000000000000e+00 5.809738539340494846e-04 5.996919422646421749e-01
1.000000000000000000e+00 2.777594380192015250e-05 9.576055050128337021e-01
1.000000000000000000e+00 4.474853157900905991e-04 9.361878461811458108e-01
2.000000000000000000e+00 4.906812403242954001e-06 5.842303270913706825e-02
2.000000000000000000e+00 8.866792141202919171e-05 6.687547429553623024e-01
2.000000000000000000e+00 1.870602380749948664e-05 1.890043923287149930e-01
2.000000000000000000e+00 5.745512938907894394e-06 6.913537406825326359e-02
2.000000000000000000e+00 1.103917098506866007e-07 2.144944130742103315e-04
2.000000000000000000e+00 3.940060551141856338e-06 4.696957173210326159e-02
1.000000000000000000e+00 7.650262180895790872e-04 9.405179432485731850e-01
1.000000000000000000e+00 7.725521688478629093e-04 9.122686632914288607e-01
1.000000000000000000e+00 1.275681462763223438e-03 8.233786074539714006e-01
1.000000000000000000e+00 8.056181615424076216e-04 8.145304164678299763e-01
1.000000000000000000e+00 2.223187711639598802e-05 3.146103984549527416e-02
1.000000000000000000e+00 1.041126812455760295e-03 7.020558389450027859e-01
1.000000000000000000e+00 2.917160203032729215e-04 6.860122305524382069e-01
1.000000000000000000e+00 6.930627950500132780e-05 3.988976962896408907e-01
1.000000000000000000e+00 6.721865399532827602e-05 4.579621245700300491e-01
1.000000000000000000e+00 6.356757372568863743e-06 5.562053979662721220e-02
1.000000000000000000e+00 5.035902577734348621e-06 1.935652231775793555e-02
1.000000000000000000e+00 2.601408999535665160e-05 1.033556841700251361e-01
1.000000000000000000e+00 9.022730151482341067e-04 6.273830784228322521e-01
1.000000000000000000e+00 2.202465449422124537e-04 2.770160572837888635e-01
2.000000000000000000e+00 4.313442292595433417e-06 2.705155639405832368e-01
1.000000000000000000e+00 2.765093925514365385e-05 9.450407702374993835e-02
1.000000000000000000e+00 9.710731094407921808e-05 1.906232831368014358e-01
1.000000000000000000e+00 1.937497591018008181e-04 2.330430379388822026e-01
1.000000000000000000e+00 2.866150200619709573e-04 8.716645009639428787e-01
1.000000000000000000e+00 3.731532017445621198e-04 8.929637218546990773e-01
1.000000000000000000e+00 1.586246914237575542e-04 2.407129078652673615e-01
1.000000000000000000e+00 1.302863070469800138e-05 3.372850151707269817e-02
1.000000000000000000e+00 1.928793664702623933e-03 9.490099274445573663e-01
2.000000000000000000e+00 2.722097600343674481e-05 3.416898369810374425e-01
1.000000000000000000e+00 2.599697868430405904e-05 2.554393780161678951e-01
2.000000000000000000e+00 3.893478849021174878e-06 5.079523850673535457e-02
1.000000000000000000e+00 4.739987284161218376e-05 2.182353613977523754e-01
2.000000000000000000e+00 4.251167096316128919e-06 9.324485949129360240e-02
1.000000000000000000e+00 6.118511866341774666e-05 4.067712486899705548e-01
