1.000000000000000000e+00 2.259954932277494894e-04 4.652121563652137914e-01
1.000000000000000000e+00 3.397855504478602980e-08 6.033673601682523172e-05
1.000000000000000000e+00 5.590231563270517444e-04 7.303881723582595908e-01
1.000000000000000000e+00 7.620027168229141231e-06 2.507059590832643597e-02
1.000000000000000000e+00 4.057164450283599509e-04 6.038251504739007292e-01
2.000000000000000000e+00 6.334585956040703417e-04 8.959486143937738234e-01
1.000000000000000000e+00 1.037066269862586387e-03 6.529870235689970714e-01
2.000000000000000000e+00 8.096117883543102836e-05 1.308566418551351529e-01
1.000000000000000000e+00 7.208873826270158713e-05 1.892140969377320014e-01
1.000000000000000000e+00 4.910649657429981985e-04 6.730877418062233275e-01
1.000000000000000000e+00 2.740153689422586457e-04 5.556952446193245132e-01
1.000000000000000000e+00 2.777632527836722937e-04 4.474821462855754772e-01
1.000000000000000000e+00 3.480004637030187473e-04 8.577973778630415547e-01
1.000000000000000000e+00 1.537637002668847195e-04 8.937240998552193894e-01
2.000000000000000000e+00 4.766276687597097487e-04 8.148638574186782835e-01
1.000000000000000000e+00 3.301762664348445691e-05 1.034767279847170207e-01
1.000000000000000000e+00 1.217216140143174811e-04 2.727252868302815214e-01
1.000000000000000000e+00 5.398438804218831048e-04 6.141911144054120753e-01
1.000000000000000000e+00 2.081679321148246101e-05 9.743358848954589702e-01
1.000000000000000000e+00 3.357491937522646529e-04 9.577550670166942171e-01
2.000000000000000000e+00 3.848793332464739296e-06 3.243295451417435582e-02
2.000000000000000000e+00 9.683979274232479989e-05 7.429972297559758188e-01
2.000000000000000000e+00 9.783859797011220858e-06 1.229837320745797574e-01
2.000000000000000000e+00 9.951780694751473876e-06 1.551634292688537364e-01
2.000000000000000000e+00 1.012726566407687705e-07 1.909368376378411990e-04
2.000000000000000000e+00 3.933415520607530862e-06 3.462827836048276015e-02
1.000000000000000000e+00 6.268456374364313362e-04 9.569083622205563078e-01
1.000000000000000000e+00 6.567818696625410358e-04 9.179863305026643161e-01
1.000000000000000000e+00 1.040843310765712923e-03 7.576213000409279807e-01
1.000000000000000000e+00 7.601900923132069894e-04 8.321498201654279336e-01
1.000000000000000000e+00 3.026799283479169521e-05 4.985507826030088907e-02
1.000000000000000000e+00 9.217787375154272520e-04 6.049329333698917344e-01
1.000000000000000000e+00 2.251055888842975203e-04 6.727966570906223076e-01
1.000000000000000000e+00 7.937220878645005479e-05 5.697897766069934811e-01
1.000000000000000000e+00 7.701607623666378757e-05 6.506168983370730352e-01
1.000000000000000000e+00 1.747253554033483103e-05 1.568951529815973966e-01
1.000000000000000000e+00 6.311092848782698164e-06 2.314373977086979506e-02
1.000000000000000000e+00 3.803629508183400113e-05 1.994065746845815612e-01
1.000000000000000000e+00 8.807851630714699873e-04 6.065783228016634610e-01
1.000000000000000000e+00 2.797773646478530791e-04 3.516014327729349298e-01
2.000000000000000000e+00 4.026811913677522644e-06 3.242567855797043874e-01
1.000000000000000000e+00 4.540233835313025283e-05 1.992551299148613286e-01
1.000000000000000000e+00 1.058823967081806694e-04 2.410131086821598601e-01
1.000000000000000000e+00 1.856654441170598922e-04 2.681884546923750667e-01
1.000000000000000000e+00 1.906362163459530566e-04 6.869535669840391989e-01
1.000000000000000000e+00 2.289140261519996035e-04 9.227777505379560763e-01
1.000000000000000000e+00 1.844247625209925094e-04 3.290866401641201477e-01
1.000000000000000000e+00 1.905331555269232900e-05 5.288162599523902468e-02
1.000000000000000000e+00 1.767117592074033154e-03 9.684115624172784376e-01
2.000000000000000000e+00 1.683556461139881007e-05 2.477346663488113887e-01
1.000000000000000000e+00 2.638074695016017643e-05 2.576537072632778536e-01
2.000000000000000000e+00 7.402449300660637587e-06 1.370831444312973768e-01
1.000000000000000000e+00 6.141183409499626302e-05 2.967637479110897258e-01
2.000000000000000000e+00 6.394144292399852549e-06 2.035600362590898327e-01
1.000000000000000000e+00 6.611568248848987599e-05 5.094044155591013201e-01
