1.000000000000000000e+00 2.290497663643254291e-04 4.704449155306523189e-01
1.000000000000000000e+00 3.620998154214844917e-08 6.376665277678787735e-05
1.000000000000000000e+00 5.555316518751330333e-04 7.334812363890341746e-01
1.000000000000000000e+00 7.786551959269498804e-06 2.563748277066266526e-02
1.000000000000000000e+00 4.105221418041146448e-04 6.068445956379046047e-01
2.000000000000000000e+00 6.227444694171009468e-04 8.992628047762545318e-01
1.000000000000000000e+00 8.585047486686794111e-04 5.766891748950736529e-01
2.000000000000000000e+00 8.013492451387969309e-05 1.323476095003836284e-01
1.000000000000000000e+00 6.942636657968060104e-05 1.670095425929631061e-01
1.000000000000000000e+00 4.938511024537795219e-04 6.713152635177110916e-01
1.000000000000000000e+00 2.757612867587501729e-04 5.631800697044362369e-01
1.000000000000000000e+00 2.805026851281649408e-04 4.521038830255016405e-01
1.000000000000000000e+00 3.430748872868185240e-04 8.606240253082471092e-01
1.000000000000000000e+00 1.484023687694053183e-04 8.939480805801647278e-01
2.000000000000000000e+00 7.269862290169711808e-04 7.921628443567448885e-01
1.000000000000000000e+00 3.293292298266773467e-05 1.035860280672861178e-01
1.000000000000000000e+00 1.285981950419367616e-04 2.893375928647803907e-01
1.000000000000000000e+00 4.567798943346776429e-04 6.430404766624716606e-01
1.000000000000000000e+00 2.087011900219443598e-05 9.739962593982404160e-01
1.000000000000000000e+00 3.365811374150020339e-04 9.579226089843840830e-01
2.000000000000000000e+00 3.634536275191314329e-06 3.009010216632854520e-02
2.000000000000000000e+00 9.169510374169812937e-05 7.519754126694090379e-01
2.000000000000000000e+00 9.744917294368452473e-06 1.298866504305684899e-01
2.000000000000000000e+00 1.066233351242720444e-05 1.666115361531333994e-01
2.000000000000000000e+00 9.255070647950200132e-08 1.751390415423419861e-04
2.000000000000000000e+00 3.759050350749374952e-06 3.267309575556973100e-02
1.000000000000000000e+00 6.066742810270428629e-04 9.579731535834510314e-01
1.000000000000000000e+00 6.023655180006485567e-04 9.251514764271099311e-01
1.000000000000000000e+00 1.029777284082710647e-03 7.401930789678903277e-01
1.000000000000000000e+00 7.098862259809807403e-04 8.235672683885414402e-01
1.000000000000000000e+00 3.023838463926296297e-05 5.115213797070826407e-02
1.000000000000000000e+00 8.960708865493843649e-04 6.020074897657647917e-01
1.000000000000000000e+00 1.919513114145495760e-04 6.911270994999050288e-01
1.000000000000000000e+00 7.890455958525434312e-05 5.683200038956983668e-01
1.000000000000000000e+00 7.565015838099265627e-05 6.473619182545473638e-01
1.000000000000000000e+00 1.727976298751312051e-05 1.537654386952556629e-01
1.000000000000000000e+00 6.286791211259608062e-06 2.300310557352543486e-02
1.000000000000000000e+00 3.621912847007337206e-05 1.948316445756276827e-01
1.000000000000000000e+00 8.829214774825730645e-04 6.000115257294532656e-01
1.000000000000000000e+00 2.917516739511064354e-04 3.873071448958732566e-01
2.000000000000000000e+00 3.764301668618845468e-06 3.184589969632583006e-01
1.000000000000000000e+00 4.447247553987361638e-05 1.948856769601000627e-01
1.000000000000000000e+00 1.059159066067775302e-04 2.413332925782037952e-01
1.000000000000000000e+00 1.856431830790633683e-04 2.688328782714580201e-01
1.000000000000000000e+00 1.941792843734349279e-04 7.034659675237667775e-01
1.000000000000000000e+00 2.207969517847749004e-04 9.274294904755626678e-01
1.000000000000000000e+00 1.693270937164746172e-04 2.779467008716802190e-01
1.000000000000000000e+00 1.886719357527117299e-05 5.241719589919441313e-02
1.000000000000000000e+00 1.760272070118050047e-03 9.685318018711011057e-01
2.000000000000000000e+00 1.608325151551580348e-05 2.324869660398239390e-01
1.000000000000000000e+00 2.660119802720313045e-05 2.611266713397655259e-01
2.000000000000000000e+00 6.715764199205039125e-06 1.159706727068014059e-01
1.000000000000000000e+00 7.026289957733974228e-05 3.240329985663042422e-01
2.000000000000000000e+00 7.441532739023281648e-06 2.950640381202462859e-01
1.000000000000000000e+00 7.345703151254613791e-05 5.536951525314611766e-01
