1.000000000000000000e+00 2.148959593184956486e-04 4.295943670537877290e-01
1.000000000000000000e+00 6.688101475469067230e-08 8.762236576032387929e-05
1.000000000000000000e+00 5.958744066800045940e-04 6.882784129731562839e-01
1.000000000000000000e+00 7.185858239170979440e-06 2.229583538920124758e-02
1.000000000000000000e+00 3.601105916176895370e-04 5.068416612090814732e-01
2.000000000000000000e+00 6.049370326267741651e-04 8.957015616770609423e-01
1.000000000000000000e+00 1.123280168885005745e-03 6.211022685387558306e-01
2.000000000000000000e+00 7.517052419349465504e-05 1.215491555405236040e-01
1.000000000000000000e+00 5.198883353025990069e-05 1.207551252127962438e-01
1.000000000000000000e+00 5.706130817286316544e-04 5.865614711106328372e-01
1.000000000000000000e+00 2.968432532044187801e-04 4.788718025137512768e-01
1.000000000000000000e+00 2.341421228160422844e-04 3.390364732532086256e-01
1.000000000000000000e+00 6.102751087399744569e-04 9.700933018763766569e-01
1.000000000000000000e+00 2.317552249861339910e-04 8.356618470711899560e-01
2.000000000000000000e+00 5.971640970940764485e-04 7.125023440896283144e-01
1.000000000000000000e+00 2.927612427627556218e-05 7.562683814586573794e-02
1.000000000000000000e+00 9.402463843804030185e-05 1.985111545946961209e-01
1.000000000000000000e+00 5.109977218893876905e-04 5.577935015205224278e-01
1.000000000000000000e+00 2.565674413533458907e-05 9.612265549624612326e-01
1.000000000000000000e+00 4.279983618781227545e-04 9.406956701658375497e-01
2.000000000000000000e+00 4.854785552474099358e-06 5.543432666451892504e-02
2.000000000000000000e+00 8.823538763148475639e-05 6.479716964504762533e-01
2.000000000000000000e+00 1.678086664353280823e-05 1.621072154015541222e-01
2.000000000000000000e+00 6.054649118606788251e-06 6.783599084913077837e-02
2.000000000000000000e+00 1.100627688635031354e-07 2.126917657987015113e-04
2.000000000000000000e+00 4.396150178026949887e-06 6.592948774235395104e-02
1.000000000000000000e+00 7.533662678914050193e-04 9.443565132703254372e-01
1.000000000000000000e+00 7.834959356957211466e-04 9.059630845014763345e-01
1.000000000000000000e+00 1.281582668703005589e-03 8.182930433068049680e-01
1.000000000000000000e+00 7.967767512932278414e-04 7.863263739822299314e-01
1.000000000000000000e+00 2.309006903969316627e-05 3.302684297960498117e-02
1.000000000000000000e+00 9.694565734365306236e-04 7.180800685771125957e-01
1.000000000000000000e+00 2.555339651022159255e-04 6.158792692952650416e-01
1.000000000000000000e+00 7.255759084848177067e-05 4.223444529075183196e-01
1.000000000000000000e+00 7.052857048914390763e-05 4.687662460639512307e-01
1.000000000000000000e+00 6.095626636276225262e-06 5.221535771460813352e-02
1.000000000000000000e+00 5.106810384544568007e-06 1.918633315430378489e-02
1.000000000000000000e+00 2.771888527894430284e-05 1.131286062216641242e-01
1.000000000000000000e+00 8.781108626482035011e-04 5.894329645088158820e-01
1.000000000000000000e+00 2.372127697305392814e-04 2.898706722867667174e-01
2.000000000000000000e+00 3.330002168608193919e-06 2.056434876173751924e-01
1.000000000000000000e+00 2.383496198884491900e-05 7.952319470187230177e-02
1.000000000000000000e+00 9.586276488123018262e-05 1.878658919792846327e-01
1.000000000000000000e+00 1.904528160390018057e-04 2.252141738447458463e-01
1.000000000000000000e+00 2.740335285878337922e-04 8.753926196180432662e-01
1.000000000000000000e+00 3.740033153222344455e-04 8.731755590236143227e-01
1.000000000000000000e+00 1.399535141550758077e-04 2.015542804775007635e-01
1.000000000000000000e+00 1.407092589322633233e-05 3.636646773529079307e-02
1.000000000000000000e+00 1.921297816581783724e-03 9.530349399414860256e-01
2.000000000000000000e+00 3.358591713348272912e-05 4.120614761316569452e-01
1.000000000000000000e+00 2.775064370507256229e-05 2.334582306872998447e-01
2.000000000000000000e+00 3.578636240319175661e-06 4.315533174346958961e-02
1.000000000000000000e+00 3.798463402422943354e-05 1.800397083037060808e-01
2.000000000000000000e+00 5.584447546871639836e-06 1.171464287026792034e-01
1.000000000000000000e+00 6.201093685175938905e-05 4.279117893353903690e-01
