1.000000000000000000e+00 2.765748204046885998e-04 8.166763715760567699e-01
1.000000000000000000e+00 3.692408336251882783e-06 6.360434015644755336e-03
1.000000000000000000e+00 4.434981301703154054e-04 7.169905068905100265e-01
1.000000000000000000e+00 2.048889765880844489e-05 7.870964427317744816e-02
1.000000000000000000e+00 3.461660398304698336e-04 4.926109694292608032e-01
2.000000000000000000e+00 4.896260464810832554e-04 9.302450145958426342e-01
1.000000000000000000e+00 7.057623088032921512e-04 7.189765053710535092e-01
2.000000000000000000e+00 1.720158190495659075e-04 4.328134274950978244e-01
1.000000000000000000e+00 6.052809121485596111e-05 1.658956796732972139e-01
1.000000000000000000e+00 1.682563464713138072e-04 3.982977275772964232e-01
1.000000000000000000e+00 2.741035633589063874e-04 6.445330179690641481e-01
1.000000000000000000e+00 3.006363633008862410e-04 6.160592136451125134e-01
1.000000000000000000e+00 2.503369817107259864e-04 8.882935581427228167e-01
1.000000000000000000e+00 8.697350318908071676e-05 8.957110447105885997e-01
2.000000000000000000e+00 6.183038666575459185e-04 8.564246212445538742e-01
1.000000000000000000e+00 5.921638325610923895e-05 1.293149929931884934e-01
1.000000000000000000e+00 1.291070960127740615e-04 4.237213827107543240e-01
1.000000000000000000e+00 3.013095470967879419e-04 6.852678724832831358e-01
1.000000000000000000e+00 2.448832614985653212e-05 8.356814528872003045e-01
1.000000000000000000e+00 1.273140212747048789e-04 9.711595287276857391e-01
2.000000000000000000e+00 6.332786343371815137e-06 8.638255171226601192e-02
2.000000000000000000e+00 7.970067906337634342e-05 7.695461215002965538e-01
2.000000000000000000e+00 2.388976263464634981e-05 3.425628401481369822e-01
2.000000000000000000e+00 1.514451938130407245e-05 2.777032452931387230e-01
2.000000000000000000e+00 5.597194059882195093e-06 2.243180161870462347e-02
2.000000000000000000e+00 7.420216458715924850e-06 1.648961056838886552e-01
1.000000000000000000e+00 2.349985306864536458e-04 9.783493294323266642e-01
1.000000000000000000e+00 2.700607579396142009e-04 8.065764269132931208e-01
1.000000000000000000e+00 9.936943814219929925e-04 9.570172265544696355e-01
1.000000000000000000e+00 5.806673003266170797e-04 9.436673476124153304e-01
1.000000000000000000e+00 5.109819458293304981e-05 1.296723544923663041e-01
1.000000000000000000e+00 8.216951088231870060e-04 8.077496135007201650e-01
1.000000000000000000e+00 2.070204323134342168e-04 8.661034462352353858e-01
1.000000000000000000e+00 7.041333037543616045e-05 6.621188833224539438e-01
1.000000000000000000e+00 6.716895507344457044e-05 6.526154020549740364e-01
1.000000000000000000e+00 4.786071453624146714e-06 3.458418971585842244e-02
1.000000000000000000e+00 1.302281429920832220e-05 8.677482191524837907e-02
1.000000000000000000e+00 6.471952178432051849e-05 3.115055591762740383e-01
1.000000000000000000e+00 6.843291854282912250e-04 7.815732060859308383e-01
1.000000000000000000e+00 2.714419174079078117e-04 3.731223168393423828e-01
2.000000000000000000e+00 2.173257147517918395e-06 1.658254478903519180e-01
1.000000000000000000e+00 3.781786688259655005e-05 1.670602550339038705e-01
1.000000000000000000e+00 1.100782541499008033e-04 5.317237183642783416e-01
1.000000000000000000e+00 2.105719735597345659e-04 4.986987220208584093e-01
1.000000000000000000e+00 2.859428416649093928e-04 9.240488987780742791e-01
1.000000000000000000e+00 1.055263733561747448e-04 9.716118488964665678e-01
1.000000000000000000e+00 1.895682350957468370e-04 4.104344698880410536e-01
1.000000000000000000e+00 2.215564021909969958e-05 6.518209480236435149e-02
1.000000000000000000e+00 1.066302666724032412e-03 9.732933130069435501e-01
2.000000000000000000e+00 2.256672512935650374e-05 2.784570314779981626e-01
1.000000000000000000e+00 3.578576896826612139e-05 4.544140978103381467e-01
2.000000000000000000e+00 8.907786874177688139e-06 1.588424954155512880e-01
1.000000000000000000e+00 6.640244466673936210e-05 3.605409502321526016e-01
2.000000000000000000e+00 1.692259136017450444e-05 8.332934831112478458e-01
1.000000000000000000e+00 6.214969379455714176e-05 5.671325648997306290e-01
