1.000000000000000000e+00 2.891088232711137135e-04 5.820088332092642203e-01
1.000000000000000000e+00 9.653596183675006237e-08 1.604375612344254248e-04
1.000000000000000000e+00 5.531249571813020996e-04 7.266435057290758781e-01
1.000000000000000000e+00 9.505276153033550624e-06 3.144526687305366358e-02
1.000000000000000000e+00 3.889647132412229710e-04 5.719525519711509132e-01
2.000000000000000000e+00 5.828020788376007217e-04 8.619150382227515061e-01
1.000000000000000000e+00 6.781380792189683039e-04 4.805226502821347556e-01
2.000000000000000000e+00 8.081504714938683004e-05 1.399751964136829174e-01
1.000000000000000000e+00 5.281853837466216772e-05 1.045409216871278635e-01
1.000000000000000000e+00 4.802025825441497402e-04 6.420917904671574750e-01
1.000000000000000000e+00 3.243028565291214459e-04 6.177832098541140571e-01
1.000000000000000000e+00 2.914419096084633972e-04 4.561316728503927442e-01
1.000000000000000000e+00 3.476791105602513731e-04 9.345359869949422249e-01
1.000000000000000000e+00 1.543930825472229198e-04 8.891609954762894619e-01
2.000000000000000000e+00 9.901566044999139497e-04 7.773605493535513666e-01
1.000000000000000000e+00 3.262846051443330219e-05 9.298844406955357467e-02
1.000000000000000000e+00 1.238234060807488171e-04 2.903330484720548776e-01
1.000000000000000000e+00 3.238976327805413637e-04 6.362679511188231718e-01
1.000000000000000000e+00 2.260411214028161444e-05 9.664569151570786554e-01
1.000000000000000000e+00 3.563874295098129713e-04 9.519671851225193215e-01
2.000000000000000000e+00 3.093059227839031966e-06 2.482202225831784889e-02
2.000000000000000000e+00 9.569545231476215359e-05 7.847933852080221095e-01
2.000000000000000000e+00 1.001331681203421665e-05 1.288876341840536621e-01
2.000000000000000000e+00 1.032111809598228659e-05 1.672753616057072457e-01
2.000000000000000000e+00 8.369591884616271768e-08 1.548776646395968190e-04
2.000000000000000000e+00 3.586649400385470446e-06 3.393494330386258306e-02
1.000000000000000000e+00 6.011174507365474491e-04 9.579240958204443546e-01
1.000000000000000000e+00 5.221082985921954257e-04 9.433748922666966852e-01
1.000000000000000000e+00 1.308616327416900092e-03 7.368391390506210392e-01
1.000000000000000000e+00 8.033943068499054289e-04 8.550798921642468464e-01
1.000000000000000000e+00 3.225273809523772253e-05 5.558623411884211496e-02
1.000000000000000000e+00 7.867753675083257207e-04 5.865948658151354245e-01
1.000000000000000000e+00 1.754765996852597140e-04 6.738099531181398483e-01
1.000000000000000000e+00 7.616072715044944793e-05 5.273472217178259980e-01
1.000000000000000000e+00 7.533872178771113199e-05 6.083093201357133717e-01
1.000000000000000000e+00 1.471590333323757339e-05 1.510486944221158812e-01
1.000000000000000000e+00 6.035729783017857800e-06 2.245474609732532600e-02
1.000000000000000000e+00 3.379241440999386725e-05 1.686836073247338641e-01
1.000000000000000000e+00 8.750981568123552450e-04 6.177655748975211525e-01
1.000000000000000000e+00 3.942439096483015210e-04 4.996095175023179680e-01
2.000000000000000000e+00 3.354010892307304938e-06 3.465480694876975076e-01
1.000000000000000000e+00 3.900934471092382577e-05 1.702068622740094406e-01
1.000000000000000000e+00 1.017513970635524430e-04 2.288270547216101070e-01
1.000000000000000000e+00 1.955391921662500072e-04 2.850179893629595784e-01
1.000000000000000000e+00 2.339425325250432176e-04 8.224659970254587504e-01
1.000000000000000000e+00 2.216973484331823466e-04 9.398457690402027831e-01
1.000000000000000000e+00 1.308598717534771192e-04 2.027153613355652528e-01
1.000000000000000000e+00 1.493339269890474005e-05 3.867474716569050536e-02
1.000000000000000000e+00 1.795603410003417501e-03 9.637673094386413064e-01
2.000000000000000000e+00 2.099366783493826375e-05 3.015370973058108528e-01
1.000000000000000000e+00 3.038135775487430491e-05 3.437873477786239085e-01
2.000000000000000000e+00 5.804666210789935852e-06 8.903356970949077853e-02
1.000000000000000000e+00 7.062407904188243467e-05 3.298076294038236878e-01
2.000000000000000000e+00 1.016546569125353609e-05 4.298707133293476756e-01
1.000000000000000000e+00 7.673893821951338796e-05 5.643094724296890963e-01
