1.000000000000000000e+00 2.338553059153384065e-04 4.761988169433028495e-01
1.000000000000000000e+00 4.072794589014607540e-08 7.437340944824107373e-05
1.000000000000000000e+00 5.826716934926181408e-04 7.020906363348614621e-01
1.000000000000000000e+00 8.143309160023483786e-06 2.635103981280217944e-02
1.000000000000000000e+00 3.855851255172003953e-04 5.619579868858155525e-01
2.000000000000000000e+00 6.312754203939674024e-04 9.176942486602089888e-01
1.000000000000000000e+00 9.076236192485440243e-04 5.637512622964372389e-01
2.000000000000000000e+00 7.845997156692088457e-05 1.279802970631088721e-01
1.000000000000000000e+00 6.389768803375739728e-05 1.460600822114467012e-01
1.000000000000000000e+00 5.358922291369360401e-04 6.141284547968401952e-01
1.000000000000000000e+00 2.956051186185772541e-04 5.229659744141749167e-01
1.000000000000000000e+00 2.649683653851541820e-04 4.066276830381160834e-01
1.000000000000000000e+00 4.307811941678492060e-04 9.530613737200140934e-01
1.000000000000000000e+00 1.888541990733851549e-04 8.670413056828913945e-01
2.000000000000000000e+00 7.674467169805634318e-04 7.713592272286843299e-01
1.000000000000000000e+00 3.082257187478603527e-05 9.325526978214851437e-02
1.000000000000000000e+00 1.074918317675156129e-04 2.356388415732109665e-01
1.000000000000000000e+00 4.528816350014904933e-04 6.316480087554471323e-01
1.000000000000000000e+00 2.438156834360297702e-05 9.652642756308923433e-01
1.000000000000000000e+00 4.009145031855712712e-04 9.455387116642212098e-01
2.000000000000000000e+00 4.222309582622368079e-06 3.197680465232197178e-02
2.000000000000000000e+00 9.222223594130678779e-05 7.331796178160018274e-01
2.000000000000000000e+00 1.082794164657679365e-05 1.613550929383816279e-01
2.000000000000000000e+00 9.468973027767255978e-06 1.485436016327583986e-01
2.000000000000000000e+00 9.784395084271918362e-08 1.858515638116149150e-04
2.000000000000000000e+00 3.745367394442880762e-06 3.639164956696571557e-02
1.000000000000000000e+00 6.885971392516974064e-04 9.497287167681334186e-01
1.000000000000000000e+00 6.798013932700889715e-04 9.177543953514811781e-01
1.000000000000000000e+00 1.191581251158687965e-03 7.873617056150894467e-01
1.000000000000000000e+00 7.536863569841174447e-04 8.266874083071401591e-01
1.000000000000000000e+00 2.585925690271008090e-05 4.236492214291275038e-02
1.000000000000000000e+00 8.588351963320067090e-04 5.985808679342584648e-01
1.000000000000000000e+00 2.073539720996254239e-04 7.042649940711581680e-01
1.000000000000000000e+00 7.367177600274992563e-05 4.666544636891863385e-01
1.000000000000000000e+00 7.121723020930385568e-05 5.473959158224152022e-01
1.000000000000000000e+00 1.375224631361111054e-05 1.301725420840185166e-01
1.000000000000000000e+00 5.611503002676078894e-06 2.092092400541205321e-02
1.000000000000000000e+00 3.008152242418102526e-05 1.384351167107042979e-01
1.000000000000000000e+00 8.858468065909332880e-04 6.162386617454096438e-01
1.000000000000000000e+00 2.746129985761174984e-04 3.678737749018756720e-01
2.000000000000000000e+00 3.870146555360226185e-06 3.161897834467291557e-01
1.000000000000000000e+00 3.612344229034676884e-05 1.448274134482723519e-01
1.000000000000000000e+00 1.001327982303720288e-04 2.107999917109218690e-01
1.000000000000000000e+00 1.903045042490976631e-04 2.510003506684477248e-01
1.000000000000000000e+00 2.428318657426816113e-04 8.263004074601700832e-01
1.000000000000000000e+00 2.772495066838265971e-04 9.151995808730563065e-01
1.000000000000000000e+00 1.486526678216990765e-04 2.308289965068014704e-01
1.000000000000000000e+00 1.499842022281982638e-05 4.003533231358972350e-02
1.000000000000000000e+00 1.835219829120274954e-03 9.597382679069181854e-01
2.000000000000000000e+00 1.955738054607899905e-05 2.948744039061997890e-01
1.000000000000000000e+00 2.714574193658295990e-05 2.888793057566865219e-01
2.000000000000000000e+00 5.639944669417468797e-06 8.979352933766228395e-02
1.000000000000000000e+00 6.584449078005044458e-05 3.054819085974440629e-01
2.000000000000000000e+00 7.018800899633047453e-06 2.679453502926387731e-01
1.000000000000000000e+00 7.137664573038583109e-05 5.078013412658178849e-01
