1.000000000000000000e+00 2.267716261104775791e-04 4.617898342754024887e-01
1.000000000000000000e+00 2.881706204620059400e-08 5.348936017152483634e-05
1.000000000000000000e+00 6.103578043298086599e-04 6.716501948601866223e-01
1.000000000000000000e+00 7.826726349080524600e-06 2.451488775845310497e-02
1.000000000000000000e+00 3.599371551348240473e-04 5.102866098236815695e-01
2.000000000000000000e+00 6.910698578847113962e-04 9.183820791262594652e-01
1.000000000000000000e+00 1.140385179175453824e-03 6.084096666793565866e-01
2.000000000000000000e+00 7.862911964938292615e-05 1.230471209886611211e-01
1.000000000000000000e+00 6.112197289295073072e-05 1.509115832316977046e-01
1.000000000000000000e+00 5.633575420960410234e-04 5.746771230974943023e-01
1.000000000000000000e+00 2.952392314515985385e-04 4.784329638631221737e-01
1.000000000000000000e+00 2.470838125237599637e-04 3.634523504676227534e-01
1.000000000000000000e+00 5.286297366656288578e-04 9.741640409724483529e-01
1.000000000000000000e+00 2.268868696499495017e-04 8.421067978219530792e-01
2.000000000000000000e+00 5.733047677454306641e-04 7.186055882071955558e-01
1.000000000000000000e+00 2.965256962694439198e-05 7.708200122986638703e-02
1.000000000000000000e+00 9.104430296682672027e-05 1.929506375166120113e-01
1.000000000000000000e+00 5.610802889551841496e-04 5.669935785613230417e-01
1.000000000000000000e+00 2.780004812431598595e-05 9.583305694522632479e-01
1.000000000000000000e+00 4.455386377205237296e-04 9.365129949423255384e-01
2.000000000000000000e+00 4.871084806942282632e-06 5.528714414657875248e-02
2.000000000000000000e+00 8.887206056028912283e-05 6.769233325654133715e-01
2.000000000000000000e+00 1.627952588207857016e-05 1.906511791117719290e-01
2.000000000000000000e+00 5.756544395623682287e-06 7.573135504149958175e-02
2.000000000000000000e+00 1.101302793361635544e-07 2.139579019217165633e-04
2.000000000000000000e+00 3.952208938621135252e-06 4.682062366070147141e-02
1.000000000000000000e+00 7.607265423003055534e-04 9.410327449457215332e-01
1.000000000000000000e+00 7.662871974659219137e-04 9.127447885102986103e-01
1.000000000000000000e+00 1.276895476676323526e-03 8.309920556031509253e-01
1.000000000000000000e+00 8.179341805405751986e-04 8.260088959490838878e-01
1.000000000000000000e+00 2.259413094299200520e-05 3.191346311374106820e-02
1.000000000000000000e+00 9.339024141029145199e-04 6.244387549337405696e-01
1.000000000000000000e+00 2.820615796896865069e-04 6.929970080132592525e-01
1.000000000000000000e+00 6.912297700974196900e-05 4.031906376055078289e-01
1.000000000000000000e+00 6.711302849712374779e-05 4.647209794581870224e-01
1.000000000000000000e+00 7.470278244249368760e-06 6.319767415492827389e-02
1.000000000000000000e+00 5.019844298374498846e-06 1.925491535654224803e-02
1.000000000000000000e+00 2.647279430243706298e-05 1.056127605819350557e-01
1.000000000000000000e+00 8.944304254734403202e-04 6.379367522464464146e-01
1.000000000000000000e+00 2.192801173750472642e-04 2.758205077460001431e-01
2.000000000000000000e+00 4.238617273535206066e-06 2.830638919090381900e-01
1.000000000000000000e+00 2.997469212857501822e-05 1.075828348334919859e-01
1.000000000000000000e+00 9.752470691975452857e-05 1.949660946574551523e-01
1.000000000000000000e+00 1.923929718121692811e-04 2.370591856298163158e-01
1.000000000000000000e+00 2.840705292548380170e-04 8.723730687188744337e-01
1.000000000000000000e+00 3.578244326169065671e-04 8.908636570517070030e-01
1.000000000000000000e+00 1.579687884310030234e-04 2.430486851592612574e-01
1.000000000000000000e+00 1.314201056298904533e-05 3.428262414158112642e-02
1.000000000000000000e+00 1.901958542307528996e-03 9.495118611082367099e-01
2.000000000000000000e+00 2.518283607116788509e-05 3.281357591484960756e-01
1.000000000000000000e+00 2.599823065222310104e-05 2.566528943329263179e-01
2.000000000000000000e+00 4.805628977007143632e-06 6.209405644649775707e-02
1.000000000000000000e+00 4.472981594089329928e-05 2.115374552734219371e-01
2.000000000000000000e+00 4.198968834117702187e-06 9.372260620694544686e-02
1.000000000000000000e+00 6.037961986759364784e-05 4.124715503151195062e-01
