1.000000000000000000e+00 2.190607777994696946e-04 4.530873598212183939e-01
1.000000000000000000e+00 3.266740540641635810e-08 5.998409527035661326e-05
1.000000000000000000e+00 5.893695412292095223e-04 6.823520072043369744e-01
1.000000000000000000e+00 7.768540101243152582e-06 2.482966687643888004e-02
1.000000000000000000e+00 3.563029771575692336e-04 5.471433491509888336e-01
2.000000000000000000e+00 6.562628513741116309e-04 9.035192783813670303e-01
1.000000000000000000e+00 1.122166832483809064e-03 6.209530362607904586e-01
2.000000000000000000e+00 7.703144229738722064e-05 1.203601986391450995e-01
1.000000000000000000e+00 6.540712434603920843e-05 1.629913794577038388e-01
1.000000000000000000e+00 5.433669289426168274e-04 6.036546461037458622e-01
1.000000000000000000e+00 2.933719790055201054e-04 4.880199882474249851e-01
1.000000000000000000e+00 2.421719064575933759e-04 3.618310342957132830e-01
1.000000000000000000e+00 4.742101205170660277e-04 9.630715120701933696e-01
1.000000000000000000e+00 2.186606058259556694e-04 8.485352787431295063e-01
2.000000000000000000e+00 5.495147674157747778e-04 7.378794578174947549e-01
1.000000000000000000e+00 3.028254065021098070e-05 8.478827673973822476e-02
1.000000000000000000e+00 9.307725349982940777e-05 2.005093851150371309e-01
1.000000000000000000e+00 5.941996027491828212e-04 5.813818346538678350e-01
1.000000000000000000e+00 2.548740773012629515e-05 9.625332119771355943e-01
1.000000000000000000e+00 4.179454535090425184e-04 9.417868216148650440e-01
2.000000000000000000e+00 4.959556239026135298e-06 5.440315322709417256e-02
2.000000000000000000e+00 9.039405468931262396e-05 6.700462244281578661e-01
2.000000000000000000e+00 1.683772553373390316e-05 1.977141946466854927e-01
2.000000000000000000e+00 5.366625323843400931e-06 6.875492062049420872e-02
2.000000000000000000e+00 1.067973592107114020e-07 2.059340117509312392e-04
2.000000000000000000e+00 3.912309657254599884e-06 4.004557594286912992e-02
1.000000000000000000e+00 7.378071363903444856e-04 9.453370233258654443e-01
1.000000000000000000e+00 7.699537078166290719e-04 9.076615332498126909e-01
1.000000000000000000e+00 1.247999422917822360e-03 8.318065130547128705e-01
1.000000000000000000e+00 8.317687588305580507e-04 8.098806718006450467e-01
1.000000000000000000e+00 2.320428054807885799e-05 3.299338375679005536e-02
1.000000000000000000e+00 1.037456260907224613e-03 6.965760647340532019e-01
1.000000000000000000e+00 2.957746368662282697e-04 6.824647047532234057e-01
1.000000000000000000e+00 7.241108519994513004e-05 4.380374727572061144e-01
1.000000000000000000e+00 6.993595685791842063e-05 4.977006360925487205e-01
1.000000000000000000e+00 9.570276772849759230e-06 7.807255490196866876e-02
1.000000000000000000e+00 5.424327905879873895e-06 2.068332713092287459e-02
1.000000000000000000e+00 2.864867817306719359e-05 1.202765995871163535e-01
1.000000000000000000e+00 8.850996897446926533e-04 6.384703371559711238e-01
1.000000000000000000e+00 2.340864340728889827e-04 2.895521566657437429e-01
2.000000000000000000e+00 4.477628433731365761e-06 2.880933290848502470e-01
1.000000000000000000e+00 3.411895603939492919e-05 1.263727188449881855e-01
1.000000000000000000e+00 9.872241322763617181e-05 1.992023234928845254e-01
1.000000000000000000e+00 1.914552471250815905e-04 2.404736221319894451e-01
1.000000000000000000e+00 2.537194621241958045e-04 8.395750094321926538e-01
1.000000000000000000e+00 3.307637255078839443e-04 9.013440365757919848e-01
1.000000000000000000e+00 1.684445760587505484e-04 2.654589874809171746e-01
1.000000000000000000e+00 1.430081252760946198e-05 3.762856619580293160e-02
1.000000000000000000e+00 1.889269930878164760e-03 9.563837330868659725e-01
2.000000000000000000e+00 2.540913324071310671e-05 3.303540537208026207e-01
1.000000000000000000e+00 2.557038325563536866e-05 2.520102456974674943e-01
2.000000000000000000e+00 4.708816856979368159e-06 6.089230780116942215e-02
1.000000000000000000e+00 5.245150277746589716e-05 2.471587204546178140e-01
2.000000000000000000e+00 4.353123235328545010e-06 9.830167792895434797e-02
1.000000000000000000e+00 6.305423496213875812e-05 4.341632266847963439e-01
