1.000000000000000000e+00 2.595539771066063327e-04 5.218962619640392653e-01
1.000000000000000000e+00 7.379985733526744257e-08 1.149077444997514968e-04
1.000000000000000000e+00 5.606120156051539339e-04 7.259825265014401285e-01
1.000000000000000000e+00 9.022594728981342892e-06 2.981660128744573895e-02
1.000000000000000000e+00 3.958797314651451497e-04 5.810688048811519790e-01
2.000000000000000000e+00 5.941577912270425404e-04 8.808221831607152552e-01
1.000000000000000000e+00 6.934159363402138745e-04 4.871507370962124828e-01
2.000000000000000000e+00 7.889210952915571336e-05 1.344092124121519793e-01
1.000000000000000000e+00 5.870456522577411598e-05 1.208366438420915845e-01
1.000000000000000000e+00 5.125872169887657178e-04 6.328113490940765473e-01
1.000000000000000000e+00 3.217087685164262550e-04 6.025387580724148595e-01
1.000000000000000000e+00 2.821132728925109575e-04 4.422692582186051879e-01
1.000000000000000000e+00 3.694460159014518129e-04 9.241845749858392800e-01
1.000000000000000000e+00 1.600152664067705640e-04 8.850168156699640409e-01
2.000000000000000000e+00 1.009129516344635553e-03 7.688942866187542524e-01
1.000000000000000000e+00 3.251275600212933693e-05 1.009299129523131833e-01
1.000000000000000000e+00 1.203355196698832895e-04 2.728977110609232537e-01
1.000000000000000000e+00 3.480842874687826343e-04 6.430650203959440425e-01
1.000000000000000000e+00 2.246269127881837360e-05 9.684260880040090891e-01
1.000000000000000000e+00 3.653408692405618217e-04 9.514117723674273552e-01
2.000000000000000000e+00 3.210728224398454378e-06 2.192586773703630518e-02
2.000000000000000000e+00 9.781595503674627150e-05 7.940857316411531475e-01
2.000000000000000000e+00 9.107822644210389267e-06 1.208041303243169023e-01
2.000000000000000000e+00 9.844098366961497287e-06 1.525000435338970950e-01
2.000000000000000000e+00 8.660184905073862848e-08 1.624530183127604992e-04
2.000000000000000000e+00 3.463974143603844820e-06 3.091184672623140464e-02
1.000000000000000000e+00 6.206610056268981436e-04 9.562284548167928611e-01
1.000000000000000000e+00 5.625918449754319442e-04 9.324612072876328206e-01
1.000000000000000000e+00 1.245257710572232612e-03 7.305221937073798077e-01
1.000000000000000000e+00 7.723569263530772298e-04 8.410455786161723513e-01
1.000000000000000000e+00 3.018040225547318240e-05 5.164437126832609887e-02
1.000000000000000000e+00 7.236377579616897881e-04 5.417568049871436253e-01
1.000000000000000000e+00 1.847527670100284573e-04 6.868462770790821903e-01
1.000000000000000000e+00 7.624848085534275939e-05 5.183889424052883221e-01
1.000000000000000000e+00 7.443561047197805086e-05 6.052673049659635929e-01
1.000000000000000000e+00 1.649111821889110257e-05 1.668446000245556449e-01
1.000000000000000000e+00 6.015726950816087859e-06 2.227930970783758083e-02
1.000000000000000000e+00 3.231136987681238837e-05 1.596282830254686924e-01
1.000000000000000000e+00 8.804253248042069688e-04 6.107300761732018524e-01
1.000000000000000000e+00 3.946928660322145642e-04 5.156905276083798562e-01
2.000000000000000000e+00 3.594467917882851045e-06 3.299608210881845305e-01
1.000000000000000000e+00 3.974084883836898811e-05 1.712171459250348693e-01
1.000000000000000000e+00 1.021938607941333762e-04 2.269122077319666309e-01
1.000000000000000000e+00 1.925170196248427801e-04 2.692091957186871221e-01
1.000000000000000000e+00 2.277927262419936162e-04 7.911121548236931256e-01
1.000000000000000000e+00 2.314046363501249604e-04 9.324084693282492786e-01
1.000000000000000000e+00 1.288243611859101855e-04 1.983280302801260497e-01
1.000000000000000000e+00 1.540750473202761337e-05 4.081842390895425166e-02
1.000000000000000000e+00 1.798066980462530466e-03 9.637180438280034123e-01
2.000000000000000000e+00 1.969156115847320299e-05 2.945002201352154847e-01
1.000000000000000000e+00 2.825065768194249833e-05 2.983990532248299021e-01
2.000000000000000000e+00 5.487630154528216199e-06 8.242685144900112337e-02
1.000000000000000000e+00 7.073123351496604183e-05 3.287010981685430933e-01
2.000000000000000000e+00 8.814716237274073600e-06 3.653853457307432162e-01
1.000000000000000000e+00 7.927931739602338832e-05 5.619366303508348537e-01
