1.000000000000000000e+00 2.889340625439203690e-04 6.211361647900885963e-01
1.000000000000000000e+00 9.206615320264776001e-08 1.830739390579956842e-04
1.000000000000000000e+00 5.618407782072284496e-04 7.067367778667494882e-01
1.000000000000000000e+00 9.889433160734516196e-06 3.242265870557732577e-02
1.000000000000000000e+00 3.755102520393000355e-04 5.394649169694027968e-01
2.000000000000000000e+00 5.897602366315038251e-04 9.026668735512757280e-01
1.000000000000000000e+00 8.276292547480497766e-04 5.378531835905253633e-01
2.000000000000000000e+00 9.847451600744381119e-05 1.704225277246053938e-01
1.000000000000000000e+00 4.949677998989784677e-05 1.054512140334091241e-01
1.000000000000000000e+00 4.260042240695736146e-04 6.118398022139039938e-01
1.000000000000000000e+00 3.119122534595341408e-04 5.661552514986686324e-01
1.000000000000000000e+00 2.904733482619978758e-04 4.455682837746278158e-01
1.000000000000000000e+00 3.556040104241730052e-04 9.469942169515994657e-01
1.000000000000000000e+00 1.653962178084461652e-04 8.817873138180183368e-01
2.000000000000000000e+00 7.577147054844393572e-04 7.910866460799378386e-01
1.000000000000000000e+00 3.102545504046124591e-05 8.623936880648229442e-02
1.000000000000000000e+00 1.185973886960264590e-04 3.015273529817885101e-01
1.000000000000000000e+00 3.549660185363895078e-04 6.128839757332360527e-01
1.000000000000000000e+00 2.454583604133790800e-05 9.597214060919380119e-01
1.000000000000000000e+00 3.796068649186319383e-04 9.476662738472388936e-01
2.000000000000000000e+00 3.908062354788907355e-06 3.250226888582889717e-02
2.000000000000000000e+00 8.778949328699420143e-05 7.454804819133326044e-01
2.000000000000000000e+00 1.869527272496150365e-05 2.874962167575059180e-01
2.000000000000000000e+00 1.247237660035697022e-05 2.084648141746138217e-01
2.000000000000000000e+00 2.637143781764775903e-07 5.759922225553466531e-04
2.000000000000000000e+00 4.864941403152126429e-06 6.720828606695698759e-02
1.000000000000000000e+00 6.399391872655827741e-04 9.548310988695996038e-01
1.000000000000000000e+00 5.405143074954666662e-04 9.546405945129059489e-01
1.000000000000000000e+00 1.371038725256146142e-03 8.661359597893186768e-01
1.000000000000000000e+00 7.666914602543640350e-04 8.630641715003807279e-01
1.000000000000000000e+00 2.856117975382065714e-05 4.949123222441069447e-02
1.000000000000000000e+00 9.816758610059032886e-04 6.589036879583718420e-01
1.000000000000000000e+00 1.880607747482240561e-04 6.972521222707573907e-01
1.000000000000000000e+00 7.331307828836123447e-05 5.003840987129271056e-01
1.000000000000000000e+00 7.196893910096788726e-05 5.681191449337041899e-01
1.000000000000000000e+00 1.018170374398043300e-05 9.436138471065422251e-02
1.000000000000000000e+00 5.661253979087146497e-06 2.108232186872583194e-02
1.000000000000000000e+00 4.364121376217595374e-05 2.042453781707581906e-01
1.000000000000000000e+00 8.799519800200537346e-04 6.333934508441720901e-01
1.000000000000000000e+00 2.552421561232778597e-04 3.038889389560205379e-01
2.000000000000000000e+00 3.153044964960536821e-06 3.521046842571607383e-01
1.000000000000000000e+00 3.465790570009340461e-05 1.399100871499517340e-01
1.000000000000000000e+00 1.003667387358176836e-04 2.223628670707934740e-01
1.000000000000000000e+00 1.938363608850054922e-04 2.838021939683900152e-01
1.000000000000000000e+00 2.503570250134410681e-04 8.874805570552346534e-01
1.000000000000000000e+00 2.345351322400912087e-04 9.351976581103527142e-01
1.000000000000000000e+00 1.481005861770686035e-04 2.368208777067367377e-01
1.000000000000000000e+00 1.577314682464728843e-05 4.067973148606628120e-02
1.000000000000000000e+00 1.812668181722666130e-03 9.567637487255069573e-01
2.000000000000000000e+00 2.144377144413573932e-05 2.774154292645854558e-01
1.000000000000000000e+00 3.475036576679765252e-05 4.345929306342848353e-01
2.000000000000000000e+00 8.410443130720913495e-06 1.422665496373419769e-01
1.000000000000000000e+00 7.238687843797496986e-05 3.497386925947870706e-01
2.000000000000000000e+00 1.389600379937105076e-05 6.291810227166476643e-01
1.000000000000000000e+00 6.610003545265111691e-05 5.293478804136585447e-01
