1.000000000000000000e+00 2.615295269324312104e-04 5.430977586530343348e-01
1.000000000000000000e+00 7.268809706837888197e-08 1.436967774971984466e-04
1.000000000000000000e+00 5.958458528781017047e-04 6.808937202903608821e-01
1.000000000000000000e+00 8.752389728602612542e-06 2.773883198551565371e-02
1.000000000000000000e+00 3.654865949154299516e-04 5.113003493175310998e-01
2.000000000000000000e+00 6.279709110125960289e-04 9.208980698042571467e-01
1.000000000000000000e+00 1.002125613149783745e-03 5.801161883784344830e-01
2.000000000000000000e+00 8.496185925271769912e-05 1.396053417042376066e-01
1.000000000000000000e+00 5.252771469901974040e-05 1.161666455242568591e-01
1.000000000000000000e+00 5.229452959058344778e-04 6.010002818133874936e-01
1.000000000000000000e+00 3.026459689863080622e-04 5.117720149079774128e-01
1.000000000000000000e+00 2.611287104811230554e-04 3.893157639863051855e-01
1.000000000000000000e+00 4.705255742582173796e-04 9.733112575723009696e-01
1.000000000000000000e+00 2.078853510302785949e-04 8.544345194074645100e-01
2.000000000000000000e+00 6.859947754425562956e-04 7.563892473132621808e-01
1.000000000000000000e+00 2.995580621294246864e-05 7.686991709860553634e-02
1.000000000000000000e+00 1.015434903577498612e-04 2.304418098930833547e-01
1.000000000000000000e+00 4.160447995317616689e-04 6.065705701839578801e-01
1.000000000000000000e+00 2.775659740999793245e-05 9.571535511614883696e-01
1.000000000000000000e+00 4.379970734328442520e-04 9.375601683740659720e-01
2.000000000000000000e+00 4.248428760342302943e-06 3.385860677390498813e-02
2.000000000000000000e+00 8.900253148103572163e-05 7.262172943723295138e-01
2.000000000000000000e+00 1.718185441913476857e-05 2.592386192024396796e-01
2.000000000000000000e+00 1.067855777807161967e-05 1.812701203154164498e-01
2.000000000000000000e+00 1.855116914652406991e-07 3.871224136189962560e-04
2.000000000000000000e+00 4.269839966169262276e-06 6.229169969280309166e-02
1.000000000000000000e+00 7.293068084231658530e-04 9.438794333292283012e-01
1.000000000000000000e+00 6.768503188159266746e-04 9.286294115104622993e-01
1.000000000000000000e+00 1.326924380257357445e-03 8.387550308175739655e-01
1.000000000000000000e+00 7.822451711906337063e-04 8.525353316991448605e-01
1.000000000000000000e+00 2.421415200010343090e-05 3.813255214134699672e-02
1.000000000000000000e+00 9.650312953086701874e-04 6.569275282081969980e-01
1.000000000000000000e+00 2.064211358812042185e-04 7.031874832687717847e-01
1.000000000000000000e+00 6.902739350317089973e-05 4.145914091325977879e-01
1.000000000000000000e+00 6.790873155836454639e-05 4.903299871118405595e-01
1.000000000000000000e+00 8.648720254743216227e-06 8.090919806880879361e-02
1.000000000000000000e+00 5.063827329110596292e-06 1.916138435585158784e-02
1.000000000000000000e+00 3.138936930602195504e-05 1.324830404583235144e-01
1.000000000000000000e+00 8.939446262919341444e-04 6.301427973909697888e-01
1.000000000000000000e+00 2.440404511317213363e-04 2.957133312015474136e-01
2.000000000000000000e+00 3.539939201032656495e-06 3.238378741524535198e-01
1.000000000000000000e+00 2.959828151570793487e-05 1.118574007384686014e-01
1.000000000000000000e+00 9.789833098097442939e-05 1.997382090069540761e-01
1.000000000000000000e+00 1.943050556985454435e-04 2.520587987018028664e-01
1.000000000000000000e+00 2.877075087166080115e-04 8.775302875188289997e-01
1.000000000000000000e+00 3.130955667745180483e-04 9.059526269806763565e-01
1.000000000000000000e+00 1.469399223964308393e-04 2.281156762564673646e-01
1.000000000000000000e+00 1.340683552169360363e-05 3.485588314136069121e-02
1.000000000000000000e+00 1.882388401476999245e-03 9.495911109075182432e-01
2.000000000000000000e+00 2.249366011830130556e-05 3.124255673507029263e-01
1.000000000000000000e+00 3.161138466825353489e-05 3.636933799139063783e-01
2.000000000000000000e+00 6.698936314002467989e-06 1.062104046839016380e-01
1.000000000000000000e+00 6.434204900171777838e-05 3.047472408309108149e-01
2.000000000000000000e+00 1.067516163507048473e-05 4.387193395856730516e-01
1.000000000000000000e+00 6.361934108210105506e-05 4.625766735410430930e-01
