1.000000000000000000e+00 2.717410381512741177e-04 8.007656608969301315e-01
1.000000000000000000e+00 3.428414182704967796e-06 6.092022053100509121e-03
1.000000000000000000e+00 4.508033142344222287e-04 7.116722827511754446e-01
1.000000000000000000e+00 2.004640511302616088e-05 7.681345419105696515e-02
1.000000000000000000e+00 3.497196626754732148e-04 4.917526721762663366e-01
2.000000000000000000e+00 4.942217794052280577e-04 9.341299330704233572e-01
1.000000000000000000e+00 7.395588632782625375e-04 7.354886765393049419e-01
2.000000000000000000e+00 1.775547085482668402e-04 4.419022683623652359e-01
1.000000000000000000e+00 5.999283303675636073e-05 1.707260552442503576e-01
1.000000000000000000e+00 1.542194401824372211e-04 3.633597426483978765e-01
1.000000000000000000e+00 2.719773178047638572e-04 6.361880710159129038e-01
1.000000000000000000e+00 2.973853710017098761e-04 6.111050031193381304e-01
1.000000000000000000e+00 2.578483778911568720e-04 8.917215694683213734e-01
1.000000000000000000e+00 8.901542135072139047e-05 8.963157774265850808e-01
2.000000000000000000e+00 5.837265012060909681e-04 8.463684410690633930e-01
1.000000000000000000e+00 5.905241193208847288e-05 1.303672818682665435e-01
1.000000000000000000e+00 1.259508098783103283e-04 4.110179218365167531e-01
1.000000000000000000e+00 3.199658123486122233e-04 6.885671111626068264e-01
1.000000000000000000e+00 2.456925147401565096e-05 8.320418877005930636e-01
1.000000000000000000e+00 1.190114939639004798e-04 9.746467405559448016e-01
2.000000000000000000e+00 6.434714306200418585e-06 8.837461311919551921e-02
2.000000000000000000e+00 7.883512699963483460e-05 7.686269695300227411e-01
2.000000000000000000e+00 2.490786564386525769e-05 3.543144581368105617e-01
2.000000000000000000e+00 1.532325550862462609e-05 2.875652023936451362e-01
2.000000000000000000e+00 6.096790131607589121e-06 2.491024343878051397e-02
2.000000000000000000e+00 7.865439638301485400e-06 1.860221409977156071e-01
1.000000000000000000e+00 2.466377106567482010e-04 9.771633444756857578e-01
1.000000000000000000e+00 2.800906776291390361e-04 8.063171018936627910e-01
1.000000000000000000e+00 9.831907950489913745e-04 9.703496020262597499e-01
1.000000000000000000e+00 5.657918350594813659e-04 9.420295761606397589e-01
1.000000000000000000e+00 4.908256204788313099e-05 1.242824409719029272e-01
1.000000000000000000e+00 8.435513830242548925e-04 8.183704617021726468e-01
1.000000000000000000e+00 2.146657264306924061e-04 8.762384074860356531e-01
1.000000000000000000e+00 7.139230480358563409e-05 6.789006501811227778e-01
1.000000000000000000e+00 6.567533736303642967e-05 6.327506517863832336e-01
1.000000000000000000e+00 4.109804269703870134e-06 2.868781074816634941e-02
1.000000000000000000e+00 1.320390668310022910e-05 8.738495945501671691e-02
1.000000000000000000e+00 6.824959201842237982e-05 3.233113128448403817e-01
1.000000000000000000e+00 6.807402206588811320e-04 7.833916168171192185e-01
1.000000000000000000e+00 2.633075421581018379e-04 3.569680857697981602e-01
2.000000000000000000e+00 2.142195682195439100e-06 1.666792301577948165e-01
1.000000000000000000e+00 3.823227901443782472e-05 1.646537707691736463e-01
1.000000000000000000e+00 1.123938258094653721e-04 5.351732163589839608e-01
1.000000000000000000e+00 2.093894321243349691e-04 4.923826172165841064e-01
1.000000000000000000e+00 2.806473667264100611e-04 9.160308982759608476e-01
1.000000000000000000e+00 1.075146597722407074e-04 9.667991295131616036e-01
1.000000000000000000e+00 2.015649691647373922e-04 4.341346876293097901e-01
1.000000000000000000e+00 2.463249113150515538e-05 7.332976018340203739e-02
1.000000000000000000e+00 1.071998114205967387e-03 9.731552080830804252e-01
2.000000000000000000e+00 2.320432269022111864e-05 2.896482074443794130e-01
1.000000000000000000e+00 3.556219748167979504e-05 4.525776600981865627e-01
2.000000000000000000e+00 9.199122455531445809e-06 1.674965197804545725e-01
1.000000000000000000e+00 6.484787534635552404e-05 3.524082978352762741e-01
2.000000000000000000e+00 1.710981049393455508e-05 8.352092440233168658e-01
1.000000000000000000e+00 5.979174289850701108e-05 5.303116175347590833e-01
