1.000000000000000000e+00 2.261838214701893969e-04 4.638575177754241663e-01
1.000000000000000000e+00 3.280442399652883578e-08 6.158248496352046713e-05
1.000000000000000000e+00 5.787434028263416718e-04 7.059980500937206305e-01
1.000000000000000000e+00 7.681882158160686341e-06 2.500634493039606554e-02
1.000000000000000000e+00 3.884146573259613061e-04 5.740406398837297752e-01
2.000000000000000000e+00 6.449881528773256925e-04 9.015447857405290977e-01
1.000000000000000000e+00 1.090210440533858618e-03 6.320841155064687023e-01
2.000000000000000000e+00 7.953774551582240972e-05 1.269033811818832680e-01
1.000000000000000000e+00 6.843745178167070381e-05 1.797023921462977125e-01
1.000000000000000000e+00 5.232410969888082880e-04 6.310482658690143021e-01
1.000000000000000000e+00 2.862624153153715757e-04 5.201198720248436658e-01
1.000000000000000000e+00 2.645000130347084904e-04 4.108211309784501886e-01
1.000000000000000000e+00 4.134367406440948725e-04 9.374802480845916275e-01
1.000000000000000000e+00 1.853659957917524667e-04 8.717249407095665203e-01
2.000000000000000000e+00 5.198209657423140742e-04 7.742489875002419586e-01
1.000000000000000000e+00 3.129271170876768963e-05 9.700720380163624368e-02
1.000000000000000000e+00 1.067000037015799005e-04 2.335978658954661058e-01
1.000000000000000000e+00 5.552036863798559367e-04 6.069992759087978751e-01
1.000000000000000000e+00 2.336745885631034793e-05 9.678845141321126277e-01
1.000000000000000000e+00 3.852588800533820871e-04 9.483901866669882663e-01
2.000000000000000000e+00 4.359277163884256851e-06 3.362991121330856370e-02
2.000000000000000000e+00 9.421054184630886367e-05 7.139112906665789904e-01
2.000000000000000000e+00 1.114291628333817405e-05 1.688223234328897759e-01
2.000000000000000000e+00 9.053351533670556865e-06 1.420371605053072084e-01
2.000000000000000000e+00 1.045979155961775265e-07 1.978628895335441383e-04
2.000000000000000000e+00 3.973311933561114983e-06 3.772407907738972721e-02
1.000000000000000000e+00 6.884283977078636471e-04 9.504325736429640736e-01
1.000000000000000000e+00 7.180919493750268553e-04 9.112693771637475626e-01
1.000000000000000000e+00 1.148856773545038970e-03 8.030382695410693827e-01
1.000000000000000000e+00 7.801603281045520026e-04 8.284200968046439018e-01
1.000000000000000000e+00 2.653044626587325257e-05 4.188545170802746020e-02
1.000000000000000000e+00 9.297100031474659449e-04 6.108546039550786233e-01
1.000000000000000000e+00 2.426520553407406642e-04 6.807457452335877734e-01
1.000000000000000000e+00 7.541853581610684473e-05 4.897211121401466305e-01
1.000000000000000000e+00 7.303039603521746189e-05 5.655127871635670100e-01
1.000000000000000000e+00 1.405349784824905651e-05 1.239411393474649792e-01
1.000000000000000000e+00 5.808422624977923318e-06 2.158067181629732406e-02
1.000000000000000000e+00 3.234293421391045060e-05 1.500873672824531435e-01
1.000000000000000000e+00 8.826758088184040452e-04 6.173246405603725062e-01
1.000000000000000000e+00 2.530061438208039090e-04 3.154153294098780425e-01
2.000000000000000000e+00 4.111097127174913753e-06 3.154182539801099749e-01
1.000000000000000000e+00 3.872967351752155452e-05 1.574644493521959732e-01
1.000000000000000000e+00 1.012921626296587143e-04 2.166427184651930071e-01
1.000000000000000000e+00 1.885285711026244554e-04 2.535355863918407060e-01
1.000000000000000000e+00 2.261524101970410739e-04 7.646464297395153542e-01
1.000000000000000000e+00 2.731817400740542846e-04 9.134592423894782875e-01
1.000000000000000000e+00 1.729460722941737879e-04 2.845407164741400319e-01
1.000000000000000000e+00 1.600726568036477056e-05 4.313087608102866843e-02
1.000000000000000000e+00 1.820732237510356687e-03 9.613711992998437150e-01
2.000000000000000000e+00 1.925670829306584423e-05 2.837309227201432194e-01
1.000000000000000000e+00 2.613353795650548195e-05 2.675371901781171680e-01
2.000000000000000000e+00 6.589960583598238473e-06 1.132937404595220632e-01
1.000000000000000000e+00 5.757244823266678690e-05 2.790022582440816468e-01
2.000000000000000000e+00 5.750529686657276122e-06 1.711277966469225698e-01
1.000000000000000000e+00 6.428914098619647967e-05 4.788737075188839731e-01
