1.000000000000000000e+00 2.259982351489659054e-04 4.646978707725458735e-01
1.000000000000000000e+00 3.348425583943125915e-08 6.065960374205971292e-05
1.000000000000000000e+00 5.653713401432786199e-04 7.224240574264878534e-01
1.000000000000000000e+00 7.631106816039215756e-06 2.504723115615838103e-02
1.000000000000000000e+00 3.997914268319098042e-04 5.954390830782185784e-01
2.000000000000000000e+00 6.368758981243713858e-04 8.975363422119423396e-01
1.000000000000000000e+00 1.056444456295320021e-03 6.466140811988225767e-01
2.000000000000000000e+00 8.047431480227227847e-05 1.294539776857085989e-01
1.000000000000000000e+00 7.117091069113545647e-05 1.873178511561051640e-01
1.000000000000000000e+00 5.012722135482209707e-04 6.597509330792910021e-01
1.000000000000000000e+00 2.788294507009279367e-04 5.427739026912670184e-01
1.000000000000000000e+00 2.733317272653547933e-04 4.347251285676969612e-01
1.000000000000000000e+00 3.679873801095541962e-04 8.889303663895119501e-01
1.000000000000000000e+00 1.643674890184308182e-04 8.862608413166435106e-01
2.000000000000000000e+00 4.893938351638320479e-04 8.027487608490603277e-01
1.000000000000000000e+00 3.238373234264910026e-05 1.025280740876262781e-01
1.000000000000000000e+00 1.160855183802316274e-04 2.582989346880569803e-01
1.000000000000000000e+00 5.467529810649553613e-04 6.127247449089914255e-01
1.000000000000000000e+00 2.157649527470249399e-05 9.722279892912679689e-01
1.000000000000000000e+00 3.522827819683971382e-04 9.546033697415141628e-01
2.000000000000000000e+00 4.042382404715841681e-06 3.141555743457800226e-02
2.000000000000000000e+00 9.599933607029827230e-05 7.319159803301249489e-01
2.000000000000000000e+00 1.019584979753109556e-05 1.364988779471996150e-01
2.000000000000000000e+00 9.660765006420845156e-06 1.505549741259339935e-01
2.000000000000000000e+00 1.021954121514904217e-07 1.925142404356656469e-04
2.000000000000000000e+00 3.955357417898084758e-06 3.549083302375906357e-02
1.000000000000000000e+00 6.484479169522704275e-04 9.546278094889159016e-01
1.000000000000000000e+00 6.811158770792106239e-04 9.147597190301284265e-01
1.000000000000000000e+00 1.079260830810708713e-03 7.759458060031647619e-01
1.000000000000000000e+00 7.677463877359792062e-04 8.297147206236211714e-01
1.000000000000000000e+00 2.893011644034860374e-05 4.722637416308416575e-02
1.000000000000000000e+00 9.233276853233191896e-04 6.058724938048878350e-01
1.000000000000000000e+00 2.314258259203814038e-04 6.749647122444064617e-01
1.000000000000000000e+00 7.820184112893042831e-05 5.418496500338538802e-01
1.000000000000000000e+00 7.575189814351926030e-05 6.222743432197912483e-01
1.000000000000000000e+00 1.645791096164217111e-05 1.467283195804031104e-01
1.000000000000000000e+00 6.162217171693474113e-06 2.269774722223967187e-02
1.000000000000000000e+00 3.608037168009292623e-05 1.815555546766668971e-01
1.000000000000000000e+00 8.805828116055188816e-04 6.106267172466961490e-01
1.000000000000000000e+00 2.709616992978564477e-04 3.387707285187029349e-01
2.000000000000000000e+00 4.068949281896822876e-06 3.248517498865152175e-01
1.000000000000000000e+00 4.331945001313375484e-05 1.856740906602097896e-01
1.000000000000000000e+00 1.041411399375259000e-04 2.319422124541690167e-01
1.000000000000000000e+00 1.865537540133849334e-04 2.626666330101272151e-01
1.000000000000000000e+00 2.009104791119202755e-04 7.056700961845531195e-01
1.000000000000000000e+00 2.422832101969376662e-04 9.203336472582049899e-01
1.000000000000000000e+00 1.810901257225872778e-04 3.137595268194510179e-01
1.000000000000000000e+00 1.793404911424531918e-05 4.916838053511538020e-02
1.000000000000000000e+00 1.785423670509305588e-03 9.658342568544983076e-01
2.000000000000000000e+00 1.761448485333297679e-05 2.620220593971889222e-01
1.000000000000000000e+00 2.623726463686281441e-05 2.578182219037493117e-01
2.000000000000000000e+00 7.149524728320654305e-06 1.304278394129568530e-01
1.000000000000000000e+00 6.029331975231984358e-05 2.920709750100138336e-01
2.000000000000000000e+00 6.173402684409069525e-06 1.888296682368173496e-01
1.000000000000000000e+00 6.557891513836276850e-05 5.007033499080961736e-01
