1.000000000000000000e+00 2.260758216866269761e-04 4.648293352981871518e-01
1.000000000000000000e+00 2.607693843145559691e-08 4.970302636011035812e-05
1.000000000000000000e+00 5.827096109129184997e-04 7.105376320000214019e-01
1.000000000000000000e+00 7.576779507901290827e-06 2.470263975701882109e-02
1.000000000000000000e+00 3.761168314259914921e-04 5.716060105306415284e-01
2.000000000000000000e+00 6.663621218086013872e-04 9.195768432541289172e-01
1.000000000000000000e+00 1.087208088301900829e-03 6.427361892074723304e-01
2.000000000000000000e+00 8.083008651664508196e-05 1.275379243789350747e-01
1.000000000000000000e+00 7.396791127952349887e-05 2.086147937650122408e-01
1.000000000000000000e+00 5.052162205168944133e-04 6.482719323057061223e-01
1.000000000000000000e+00 2.897661591350096980e-04 5.179826247694651054e-01
1.000000000000000000e+00 2.685535863933674453e-04 4.099692628226930258e-01
1.000000000000000000e+00 3.985685181392049589e-04 9.116407027594658485e-01
1.000000000000000000e+00 1.858513444391003764e-04 8.707501869099044667e-01
2.000000000000000000e+00 4.773912025269179491e-04 7.884901600581947223e-01
1.000000000000000000e+00 3.160988596429737703e-05 9.921099644944621210e-02
1.000000000000000000e+00 9.769849923563137634e-05 2.197035238461525486e-01
1.000000000000000000e+00 6.092127997678830308e-04 6.098684930302312734e-01
1.000000000000000000e+00 2.237611104638999302e-05 9.692749740258208568e-01
1.000000000000000000e+00 3.677140323909360671e-04 9.506637492877880735e-01
2.000000000000000000e+00 4.779843745844819793e-06 4.092708208270048886e-02
2.000000000000000000e+00 9.221374590500429976e-05 6.859914998199195812e-01
2.000000000000000000e+00 1.400615581790783294e-05 1.991628511167417848e-01
2.000000000000000000e+00 7.680496104177457467e-06 1.145943052578927979e-01
2.000000000000000000e+00 1.010149670617340849e-07 1.929311590551595324e-04
2.000000000000000000e+00 4.191593280411402210e-06 4.043702323401161119e-02
1.000000000000000000e+00 6.875359998749438779e-04 9.513334605141398059e-01
1.000000000000000000e+00 7.530670600217835011e-04 9.032468206147878931e-01
1.000000000000000000e+00 1.195207590800695906e-03 8.389804293037198546e-01
1.000000000000000000e+00 8.337206496049016967e-04 8.026512469401989591e-01
1.000000000000000000e+00 2.621750214595051896e-05 3.750343920097543027e-02
1.000000000000000000e+00 8.853633577897324254e-04 5.668764039911217134e-01
1.000000000000000000e+00 2.796969157391596995e-04 6.865740666371178413e-01
1.000000000000000000e+00 7.695993831673878080e-05 5.111217507822882755e-01
1.000000000000000000e+00 7.271529898692776980e-05 5.699765887663419406e-01
1.000000000000000000e+00 1.470341335770395106e-05 1.239475501967473720e-01
1.000000000000000000e+00 6.065955128076173559e-06 2.294448471364568531e-02
1.000000000000000000e+00 3.511815661152868889e-05 1.640054488896507123e-01
1.000000000000000000e+00 8.697397228971030878e-04 6.534725459710279960e-01
1.000000000000000000e+00 2.610479706145812039e-04 3.149665752946702035e-01
2.000000000000000000e+00 4.533896795013584961e-06 3.346738341494863711e-01
1.000000000000000000e+00 4.274471193765903615e-05 1.764300325806039960e-01
1.000000000000000000e+00 1.019903026300148565e-04 2.208991798880872715e-01
1.000000000000000000e+00 1.872723288194247783e-04 2.503618134563154740e-01
1.000000000000000000e+00 2.024392576379445115e-04 6.900505853675604762e-01
1.000000000000000000e+00 2.756202558108938644e-04 9.202000089793889170e-01
1.000000000000000000e+00 1.860978778799116183e-04 3.088103118749569997e-01
1.000000000000000000e+00 1.684069848801085048e-05 4.547466455134573787e-02
1.000000000000000000e+00 1.834956169444256803e-03 9.636148901931606003e-01
2.000000000000000000e+00 2.226503035236937524e-05 3.124251908010124423e-01
1.000000000000000000e+00 2.467075791693845108e-05 2.235981228838584689e-01
2.000000000000000000e+00 5.675458533848739241e-06 7.896080029589049032e-02
1.000000000000000000e+00 5.257063167023294525e-05 2.634613273110121279e-01
2.000000000000000000e+00 4.593760551596934302e-06 9.803875282243296185e-02
1.000000000000000000e+00 6.373045599425469960e-05 4.812728942750215122e-01
