1.000000000000000000e+00 2.702154153315422438e-04 5.658328241113274037e-01
1.000000000000000000e+00 7.914263225439432629e-08 1.570142483426182776e-04
1.000000000000000000e+00 5.852762378207190894e-04 6.898224963027365098e-01
1.000000000000000000e+00 9.017947817467632289e-06 2.895843487980705525e-02
1.000000000000000000e+00 3.692701984033401911e-04 5.230568960648522836e-01
2.000000000000000000e+00 6.134068958936183397e-04 9.171509788138517694e-01
1.000000000000000000e+00 9.477826425794734500e-04 5.693918736331912145e-01
2.000000000000000000e+00 8.816806918873589037e-05 1.472824573469055931e-01
1.000000000000000000e+00 5.181891138673289858e-05 1.132320331367974997e-01
1.000000000000000000e+00 4.954227625300670033e-04 6.240270587197832564e-01
1.000000000000000000e+00 3.053923304944812078e-04 5.293047586143359018e-01
1.000000000000000000e+00 2.694908289795252664e-04 4.054741628636830963e-01
1.000000000000000000e+00 4.304035659234665013e-04 9.684787740018134805e-01
1.000000000000000000e+00 1.950988001014025252e-04 8.628092197221640669e-01
2.000000000000000000e+00 7.086455658090138341e-04 7.702742938577593623e-01
1.000000000000000000e+00 3.032526816195881675e-05 8.048842260697107454e-02
1.000000000000000000e+00 1.062341277270758638e-04 2.494637361400416642e-01
1.000000000000000000e+00 3.949971641109303704e-04 6.113033479552074656e-01
1.000000000000000000e+00 2.660848535337920816e-05 9.586731158851367063e-01
1.000000000000000000e+00 4.207209883488800838e-04 9.408220350332884285e-01
2.000000000000000000e+00 4.108217452394219402e-06 3.202226888155025597e-02
2.000000000000000000e+00 8.872309299640504835e-05 7.332788153292678635e-01
2.000000000000000000e+00 1.762886925616951095e-05 2.670672239534759296e-01
2.000000000000000000e+00 1.133797286019638706e-05 1.898805890177290845e-01
2.000000000000000000e+00 2.093294287012043127e-07 4.442430956481739331e-04
2.000000000000000000e+00 4.443955578265037182e-06 6.370141939984191870e-02
1.000000000000000000e+00 7.040300018699663332e-04 9.474593196188987321e-01
1.000000000000000000e+00 6.401665114219418605e-04 9.343203923508506259e-01
1.000000000000000000e+00 1.337034480394382226e-03 8.445652863429107260e-01
1.000000000000000000e+00 7.774898179903226353e-04 8.556129455578818099e-01
1.000000000000000000e+00 2.544453417466369579e-05 4.132204994281468008e-02
1.000000000000000000e+00 9.669141155459139072e-04 6.569456162093235685e-01
1.000000000000000000e+00 1.991126934122532761e-04 7.035100607593224309e-01
1.000000000000000000e+00 7.053378755837616358e-05 4.389422416116585679e-01
1.000000000000000000e+00 6.929417507022640017e-05 5.148064061838130145e-01
1.000000000000000000e+00 9.430043980662024229e-06 8.886737739097856636e-02
1.000000000000000000e+00 5.266042322988101265e-06 1.980139641491848387e-02
1.000000000000000000e+00 3.475771084709097406e-05 1.522088865096061228e-01
1.000000000000000000e+00 8.885275993323434778e-04 6.306310376933598194e-01
1.000000000000000000e+00 2.504377595870532509e-04 3.040576764728166737e-01
2.000000000000000000e+00 3.422707372035837035e-06 3.407705178151808068e-01
1.000000000000000000e+00 3.144382624210886033e-05 1.225132764226539162e-01
1.000000000000000000e+00 9.852934257599506925e-05 2.054648086295313980e-01
1.000000000000000000e+00 1.938941426446338814e-04 2.603747614636189311e-01
1.000000000000000000e+00 2.742229738177906929e-04 8.852483888664990364e-01
1.000000000000000000e+00 2.863818315414548283e-04 9.158869821769159980e-01
1.000000000000000000e+00 1.475963972898400789e-04 2.315516428894092704e-01
1.000000000000000000e+00 1.409333403604468653e-05 3.660084929971165607e-02
1.000000000000000000e+00 1.860137281027096764e-03 9.515138002737474343e-01
2.000000000000000000e+00 2.201599562886092303e-05 2.969685449163479429e-01
1.000000000000000000e+00 3.263636309724350594e-05 3.907863048866915268e-01
2.000000000000000000e+00 7.290009978606165644e-06 1.187763266473366719e-01
1.000000000000000000e+00 6.762005066129008380e-05 3.226434742683070844e-01
2.000000000000000000e+00 1.179778899922928880e-05 5.125549769106503284e-01
1.000000000000000000e+00 6.471697963580530521e-05 4.859224567384817228e-01
