1.000000000000000000e+00 2.669857856800483841e-04 5.371038350565388031e-01
1.000000000000000000e+00 7.968207746408035189e-08 1.206488079372528271e-04
1.000000000000000000e+00 5.513888433010938729e-04 7.363623173874920269e-01
1.000000000000000000e+00 9.353562135411778373e-06 3.108471243689900701e-02
1.000000000000000000e+00 4.016883183914887723e-04 5.896618369573716212e-01
2.000000000000000000e+00 5.847782143278078791e-04 8.573589749134882254e-01
1.000000000000000000e+00 6.367844167551600524e-04 4.626028811228929949e-01
2.000000000000000000e+00 7.907550463132859706e-05 1.370178314974770106e-01
1.000000000000000000e+00 5.800478865358149583e-05 1.165424232637595203e-01
1.000000000000000000e+00 5.034601873947335817e-04 6.404519899212305356e-01
1.000000000000000000e+00 3.307527258120666110e-04 6.384043505721493927e-01
1.000000000000000000e+00 2.894861570481501323e-04 4.587707888944801415e-01
1.000000000000000000e+00 3.452607430932879773e-04 9.052935735788187888e-01
1.000000000000000000e+00 1.472814724113669983e-04 8.927679904030223490e-01
2.000000000000000000e+00 1.090358066472039067e-03 7.616766478284834330e-01
1.000000000000000000e+00 3.319095912151400054e-05 1.040407371198901754e-01
1.000000000000000000e+00 1.272609466436156259e-04 2.921842663761676784e-01
1.000000000000000000e+00 3.223985540747213241e-04 6.453815530349262808e-01
1.000000000000000000e+00 2.163985745127847143e-05 9.698749333041504217e-01
1.000000000000000000e+00 3.483979958777709465e-04 9.542576459602898353e-01
2.000000000000000000e+00 2.862539719210055166e-06 2.018002084056785828e-02
2.000000000000000000e+00 9.875971127703312921e-05 8.211381738310515876e-01
2.000000000000000000e+00 8.762501571235931970e-06 1.134147961477775524e-01
2.000000000000000000e+00 1.008337436495181226e-05 1.552169570074246885e-01
2.000000000000000000e+00 8.355804530207557721e-08 1.562675702080049177e-04
2.000000000000000000e+00 3.362102255730018089e-06 2.919673217680739119e-02
1.000000000000000000e+00 5.879422893981584757e-04 9.592907672202998226e-01
1.000000000000000000e+00 5.112475705497063769e-04 9.396181497423314877e-01
1.000000000000000000e+00 1.249717491029663560e-03 7.130465423473695274e-01
1.000000000000000000e+00 7.700168683629882811e-04 8.425643058388859741e-01
1.000000000000000000e+00 3.212813694164148599e-05 5.557065322227586895e-02
1.000000000000000000e+00 7.005897313830577924e-04 5.290484078416018976e-01
1.000000000000000000e+00 1.775880953168607491e-04 6.817672068954415687e-01
1.000000000000000000e+00 7.728595446318256492e-05 5.453609600898164933e-01
1.000000000000000000e+00 7.560502840568092972e-05 6.293159468403819456e-01
1.000000000000000000e+00 1.742359823117195232e-05 1.797089798303638242e-01
1.000000000000000000e+00 6.177942807608041465e-06 2.282257175681906558e-02
1.000000000000000000e+00 3.304014777402045300e-05 1.675619537976077433e-01
1.000000000000000000e+00 8.795546072952169919e-04 6.064785704751817219e-01
1.000000000000000000e+00 4.292523382601472442e-04 5.610406563817582626e-01
2.000000000000000000e+00 3.493339644482971726e-06 3.280031817964805807e-01
1.000000000000000000e+00 4.121618995913538963e-05 1.821254616182636787e-01
1.000000000000000000e+00 1.035335163403396384e-04 2.361782715952704392e-01
1.000000000000000000e+00 1.932642947249818446e-04 2.777101784919715488e-01
1.000000000000000000e+00 2.215657009396579705e-04 7.825046144612993748e-01
1.000000000000000000e+00 2.147866448180884235e-04 9.383075091001933377e-01
1.000000000000000000e+00 1.231962526544625955e-04 1.903995231132488419e-01
1.000000000000000000e+00 1.561135810744180891e-05 4.131015786007027901e-02
1.000000000000000000e+00 1.778940250270916309e-03 9.657632175740451519e-01
2.000000000000000000e+00 1.937447060113065328e-05 2.880926539235442174e-01
1.000000000000000000e+00 2.857667872006040469e-05 3.012054568423921386e-01
2.000000000000000000e+00 5.474296194399155596e-06 8.118268932305069963e-02
1.000000000000000000e+00 7.262464856170472243e-05 3.368441042012883524e-01
2.000000000000000000e+00 9.261883000529050379e-06 3.856111099571489786e-01
1.000000000000000000e+00 8.213428304858254791e-05 5.805198098929698070e-01
