1.000000000000000000e+00 2.195130332938446613e-04 4.497885712191160290e-01
1.000000000000000000e+00 4.085067601887946667e-08 7.175241910344076768e-05
1.000000000000000000e+00 6.007918635212638678e-04 6.748575920756096913e-01
1.000000000000000000e+00 7.960784176472327872e-06 2.499320728237438075e-02
1.000000000000000000e+00 3.535615223008043437e-04 5.126678449548851546e-01
2.000000000000000000e+00 6.962275836323130514e-04 8.691427930124189238e-01
1.000000000000000000e+00 1.131855748972206491e-03 6.146865529444610621e-01
2.000000000000000000e+00 7.563707000040726617e-05 1.175345628660082187e-01
1.000000000000000000e+00 5.616335348225401716e-05 1.335591529172958092e-01
1.000000000000000000e+00 5.566568234222180967e-04 5.885364576450953233e-01
1.000000000000000000e+00 2.947374954839763789e-04 4.799820416853051719e-01
1.000000000000000000e+00 2.407361378243360846e-04 3.545038773399656895e-01
1.000000000000000000e+00 5.055636314876781187e-04 9.697457734617126457e-01
1.000000000000000000e+00 2.281725682556701499e-04 8.410578790048828246e-01
2.000000000000000000e+00 5.823687937836308313e-04 7.173127486969007593e-01
1.000000000000000000e+00 2.966427064732760421e-05 7.927720233951898732e-02
1.000000000000000000e+00 9.252811456776606014e-05 1.965566408663216857e-01
1.000000000000000000e+00 5.966106300640684323e-04 6.103325025102894763e-01
1.000000000000000000e+00 2.656476146225433978e-05 9.598630431160604104e-01
1.000000000000000000e+00 4.339724590655115411e-04 9.389773152758237318e-01
2.000000000000000000e+00 4.915329343227557527e-06 5.734894982465289781e-02
2.000000000000000000e+00 8.885807617859053052e-05 6.634819821419768449e-01
2.000000000000000000e+00 1.861835180324569470e-05 1.951287581712931041e-01
2.000000000000000000e+00 5.824478654251244115e-06 7.159364175181094636e-02
2.000000000000000000e+00 1.087328644889059030e-07 2.104124038760456347e-04
2.000000000000000000e+00 3.994064656328051752e-06 4.537103882700523061e-02
1.000000000000000000e+00 7.527742455000350141e-04 9.422486580524824795e-01
1.000000000000000000e+00 7.741468622723274035e-04 9.100192969120671771e-01
1.000000000000000000e+00 1.261090156490350276e-03 8.237889019759471187e-01
1.000000000000000000e+00 8.081003938257103969e-04 8.071067543533130273e-01
1.000000000000000000e+00 2.272235887178909071e-05 3.229319276187386095e-02
1.000000000000000000e+00 1.031192810862687111e-03 6.989261042093155574e-01
1.000000000000000000e+00 2.953434579806427703e-04 6.908220890110672308e-01
1.000000000000000000e+00 7.097711170731980782e-05 4.163889039246509993e-01
1.000000000000000000e+00 6.848478663661214871e-05 4.738892275168498092e-01
1.000000000000000000e+00 7.368929969056512824e-06 6.374852561002004869e-02
1.000000000000000000e+00 5.251008541234633800e-06 2.017678167802391606e-02
1.000000000000000000e+00 2.699257698879326635e-05 1.100493706260427945e-01
1.000000000000000000e+00 8.973324993317103454e-04 6.273161441191494880e-01
1.000000000000000000e+00 2.279024590586416188e-04 2.857518847053915900e-01
2.000000000000000000e+00 4.417877535815804553e-06 2.813391850930507254e-01
1.000000000000000000e+00 2.953938326462206851e-05 1.033226926501849829e-01
1.000000000000000000e+00 9.751514281106855755e-05 1.928962481837564191e-01
1.000000000000000000e+00 1.928116273400502225e-04 2.342984888295135404e-01
1.000000000000000000e+00 2.710104331005650912e-04 8.752302800804581118e-01
1.000000000000000000e+00 3.578036010056501030e-04 9.001226603743841537e-01
1.000000000000000000e+00 1.634750094650800896e-04 2.516580800077408142e-01
1.000000000000000000e+00 1.355977100895955454e-05 3.523753450645124990e-02
1.000000000000000000e+00 1.917384309005390995e-03 9.507180310484477648e-01
2.000000000000000000e+00 2.702498593403100864e-05 3.395917724241294677e-01
1.000000000000000000e+00 2.548529059127442939e-05 2.489355394141831990e-01
2.000000000000000000e+00 4.004229811592128929e-06 5.264316960864569295e-02
1.000000000000000000e+00 4.987823527993830603e-05 2.319600510099760760e-01
2.000000000000000000e+00 4.382160375163943323e-06 9.819128920980534081e-02
1.000000000000000000e+00 6.213527577192688766e-05 4.190337683943575198e-01
