1.000000000000000000e+00 2.180635680149160837e-04 4.440354692241323398e-01
1.000000000000000000e+00 6.199262316598676034e-08 9.041798212675643894e-05
1.000000000000000000e+00 5.977861997470968998e-04 6.816279137036164171e-01
1.000000000000000000e+00 7.985902301906536843e-06 2.507851702994304613e-02
1.000000000000000000e+00 3.566619253210603132e-04 5.066188207653441467e-01
2.000000000000000000e+00 7.226874833868314994e-04 8.189020848512102990e-01
1.000000000000000000e+00 1.122241585772482770e-03 6.210365150753767161e-01
2.000000000000000000e+00 7.445509463338799026e-05 1.154308409939779623e-01
1.000000000000000000e+00 5.104074577973915827e-05 1.181361333137536662e-01
1.000000000000000000e+00 5.496693547263038033e-04 6.015375892927254942e-01
1.000000000000000000e+00 2.948179245643662086e-04 4.847716359438748457e-01
1.000000000000000000e+00 2.426894116289458338e-04 3.562237922687042091e-01
1.000000000000000000e+00 4.864023336870416307e-04 9.624136191293776177e-01
1.000000000000000000e+00 2.257872119757183352e-04 8.418325193498039649e-01
2.000000000000000000e+00 5.898410677306411025e-04 7.170676077526845216e-01
1.000000000000000000e+00 2.963352383924387591e-05 8.280920661664242788e-02
1.000000000000000000e+00 9.440444358190259989e-05 2.017540140023664774e-01
1.000000000000000000e+00 6.257894952244645939e-04 6.625274754745197336e-01
1.000000000000000000e+00 2.530244714819355944e-05 9.614698906407603829e-01
1.000000000000000000e+00 4.215086956872238829e-04 9.415934274846322616e-01
2.000000000000000000e+00 4.902276889987273624e-06 5.620833147390263268e-02
2.000000000000000000e+00 8.785041296814680145e-05 6.471256655367019217e-01
2.000000000000000000e+00 2.041727667079624276e-05 1.950115735255203431e-01
2.000000000000000000e+00 6.441611714849501425e-06 7.678229103213904394e-02
2.000000000000000000e+00 1.073859187955740677e-07 2.071536959821563878e-04
2.000000000000000000e+00 4.184811712812117686e-06 4.944579004441693182e-02
1.000000000000000000e+00 7.423824527524561668e-04 9.447312204108888611e-01
1.000000000000000000e+00 7.803488094750161410e-04 9.073475272716859941e-01
1.000000000000000000e+00 1.244117175314290091e-03 8.192460280836649789e-01
1.000000000000000000e+00 7.930123670703307856e-04 7.871112780243838536e-01
1.000000000000000000e+00 2.327572487554749193e-05 3.322584700735054658e-02
1.000000000000000000e+00 9.931035633418967400e-04 6.880694757564864705e-01
1.000000000000000000e+00 2.996139536059328314e-04 6.928138679092749053e-01
1.000000000000000000e+00 7.290096973402949640e-05 4.313263486295388360e-01
1.000000000000000000e+00 6.971069997484358551e-05 4.846994545243996644e-01
1.000000000000000000e+00 7.331540443490777119e-06 6.723446584171341445e-02
1.000000000000000000e+00 5.508716280937541868e-06 2.116789377510848447e-02
1.000000000000000000e+00 2.767057943599533388e-05 1.157266695699211284e-01
1.000000000000000000e+00 8.989133479445724504e-04 6.164377447682302114e-01
1.000000000000000000e+00 2.382587745936098021e-04 2.901605764464791903e-01
2.000000000000000000e+00 4.518033336852759310e-06 2.884793130439128328e-01
1.000000000000000000e+00 2.912452236539132342e-05 1.006681761135662240e-01
1.000000000000000000e+00 9.736835545624738316e-05 1.926272436559572088e-01
1.000000000000000000e+00 1.920702883745175390e-04 2.308120039969125681e-01
1.000000000000000000e+00 2.568801825017125477e-04 8.389635706090569078e-01
1.000000000000000000e+00 3.543324712302595744e-04 9.108369664129618570e-01
1.000000000000000000e+00 1.682446990868966181e-04 2.567786359164172527e-01
1.000000000000000000e+00 1.401513360997311562e-05 3.625758649586478116e-02
1.000000000000000000e+00 1.922795623645382878e-03 9.541128634832168887e-01
2.000000000000000000e+00 2.850532832776667960e-05 3.580647835467447027e-01
1.000000000000000000e+00 2.454596910083366195e-05 2.357554487109596031e-01
2.000000000000000000e+00 3.532950078465615129e-06 4.729709679706168429e-02
1.000000000000000000e+00 5.154123891820504419e-05 2.376441058523559302e-01
2.000000000000000000e+00 4.652963299744199891e-06 1.054395762507033540e-01
1.000000000000000000e+00 6.305935793937813639e-05 4.280000412389426412e-01
