1.000000000000000000e+00 3.290327328338288749e-04 6.839625947359574409e-01
1.000000000000000000e+00 1.180840208384682334e-07 1.928864473358123501e-04
1.000000000000000000e+00 5.239078912084588072e-04 7.442089946625107810e-01
1.000000000000000000e+00 1.110007903956166471e-05 3.720988852525410756e-02
1.000000000000000000e+00 3.984133481309161525e-04 5.809664310296369649e-01
2.000000000000000000e+00 5.559425016451342025e-04 8.316498281204628418e-01
1.000000000000000000e+00 5.435494157098677299e-04 4.085768247901688799e-01
2.000000000000000000e+00 8.329869882711974857e-05 1.526813598614523149e-01
1.000000000000000000e+00 4.940611384520234310e-05 9.140206160179104034e-02
1.000000000000000000e+00 4.346367615772512042e-04 6.357993852242093125e-01
1.000000000000000000e+00 3.521676330520211954e-04 7.382833473030698812e-01
1.000000000000000000e+00 3.214213864620454279e-04 5.177572345060181824e-01
1.000000000000000000e+00 2.763637119927210843e-04 8.873505862126349619e-01
1.000000000000000000e+00 1.171554825320168379e-04 9.106335814810260221e-01
2.000000000000000000e+00 1.179289493851086576e-03 7.595939940666864842e-01
1.000000000000000000e+00 3.376575933326494608e-05 9.127096184837998893e-02
1.000000000000000000e+00 1.483145888497086075e-04 3.677546363170932087e-01
1.000000000000000000e+00 2.610399152329139437e-04 6.365062121566457121e-01
1.000000000000000000e+00 2.076590639634727885e-05 9.668113772148001495e-01
1.000000000000000000e+00 2.983857223797083211e-04 9.605003531776511450e-01
2.000000000000000000e+00 2.509121326578326465e-06 2.290523033468368219e-02
2.000000000000000000e+00 9.643922818027148762e-05 8.365020635970822349e-01
2.000000000000000000e+00 9.685373497091852622e-06 1.192929386057532681e-01
2.000000000000000000e+00 1.095031011782521186e-05 1.719888100006002896e-01
2.000000000000000000e+00 7.830755561339389321e-08 1.439101817667900649e-04
2.000000000000000000e+00 3.387777731805398095e-06 3.439671664785023952e-02
1.000000000000000000e+00 4.825018148509618594e-04 9.685776648364693431e-01
1.000000000000000000e+00 3.619552248300927618e-04 9.723715329206095159e-01
1.000000000000000000e+00 1.359511962178587986e-03 7.074841988505986556e-01
1.000000000000000000e+00 8.105161154684822726e-04 8.619931950190549141e-01
1.000000000000000000e+00 3.974789717663158856e-05 6.953008352111193779e-02
1.000000000000000000e+00 7.636097963218075940e-04 5.720537189479896201e-01
1.000000000000000000e+00 1.576642154333441107e-04 6.272351364901970205e-01
1.000000000000000000e+00 7.817692053608792644e-05 6.255052164187255848e-01
1.000000000000000000e+00 7.910874743077077440e-05 6.674987960528578901e-01
1.000000000000000000e+00 1.545469685195177125e-05 1.640143513315767410e-01
1.000000000000000000e+00 6.418143338580813763e-06 2.381969050274277203e-02
1.000000000000000000e+00 3.585235837330121727e-05 1.868572468482697091e-01
1.000000000000000000e+00 8.695781641358666563e-04 6.120197740506810868e-01
1.000000000000000000e+00 4.512922924345286885e-04 5.660291929447861525e-01
2.000000000000000000e+00 2.999472471535449781e-06 3.146216235834871644e-01
1.000000000000000000e+00 4.120772996683381230e-05 1.951121442201069478e-01
1.000000000000000000e+00 1.051773249081891385e-04 2.638207327756056930e-01
1.000000000000000000e+00 2.026466256304574720e-04 3.321239031840783062e-01
1.000000000000000000e+00 2.334316118698583097e-04 8.740634474040971380e-01
1.000000000000000000e+00 1.783412423654234043e-04 9.582617487618109164e-01
1.000000000000000000e+00 1.171284979184505372e-04 1.818861062556848540e-01
1.000000000000000000e+00 1.428534652973752171e-05 3.593241886196359147e-02
1.000000000000000000e+00 1.732088791494580280e-03 9.716208273295193765e-01
2.000000000000000000e+00 2.098793984942532348e-05 2.962508393798514716e-01
1.000000000000000000e+00 3.206598276178044150e-05 3.772561693845195019e-01
2.000000000000000000e+00 5.863709695557261693e-06 8.706521076313239460e-02
1.000000000000000000e+00 7.422508803884998849e-05 3.469888301944454856e-01
2.000000000000000000e+00 1.167419798086495346e-05 4.970886029616882196e-01
1.000000000000000000e+00 8.215275163130319981e-05 6.089105321772181334e-01
