1.000000000000000000e+00 2.107647907034997494e-04 4.339086165956392849e-01
1.000000000000000000e+00 6.998946135546107906e-08 1.049608138707995011e-04
1.000000000000000000e+00 5.669001850336130620e-04 7.186083688134110581e-01
1.000000000000000000e+00 7.925710081256626233e-06 2.531369724032697319e-02
1.000000000000000000e+00 3.716057151615841992e-04 5.743520738177356755e-01
2.000000000000000000e+00 7.285839386222694135e-04 7.551285708268650199e-01
1.000000000000000000e+00 1.060736661419536386e-03 6.617186037530123910e-01
2.000000000000000000e+00 7.431406944118889018e-05 1.147972226636847365e-01
1.000000000000000000e+00 5.250520088564164414e-05 1.241416942571039184e-01
1.000000000000000000e+00 4.889003128229207906e-04 6.870034327453583556e-01
1.000000000000000000e+00 2.851207128994135277e-04 5.175745833812541719e-01
1.000000000000000000e+00 2.522311538917581196e-04 3.813360203777007573e-01
1.000000000000000000e+00 3.711123369280964731e-04 8.362554116449548713e-01
1.000000000000000000e+00 1.948225355493276082e-04 8.624784372652229969e-01
2.000000000000000000e+00 5.254721512633441080e-04 7.714585226224063286e-01
1.000000000000000000e+00 3.081642355672047664e-05 1.016845644298282891e-01
1.000000000000000000e+00 1.041902520492014194e-04 2.344627012405891830e-01
1.000000000000000000e+00 7.420369471506073561e-04 7.818682919897843586e-01
1.000000000000000000e+00 1.984956454269417737e-05 9.370771383544642674e-01
1.000000000000000000e+00 3.422109971589414826e-04 9.552997349339672484e-01
2.000000000000000000e+00 5.061125098439326248e-06 5.100378055100522612e-02
2.000000000000000000e+00 8.774233744560366042e-05 6.117014245047148746e-01
2.000000000000000000e+00 2.158964314245678448e-05 2.305789215786496482e-01
2.000000000000000000e+00 6.842563758907904509e-06 8.886683709559393962e-02
2.000000000000000000e+00 9.886069158229202376e-08 1.873788660531049437e-04
2.000000000000000000e+00 4.433285596759693078e-06 4.526027448107158846e-02
1.000000000000000000e+00 6.747341638707987340e-04 9.535492391534082790e-01
1.000000000000000000e+00 7.889680010987962103e-04 8.995784797432480051e-01
1.000000000000000000e+00 1.137671823354899055e-03 8.012331044779412714e-01
1.000000000000000000e+00 8.000401777028287066e-04 7.354799513013779988e-01
1.000000000000000000e+00 2.634073933167723811e-05 3.866284947058334920e-02
1.000000000000000000e+00 9.358045263854812513e-04 6.587405711899090299e-01
1.000000000000000000e+00 3.199666378203537488e-04 6.798656735899011316e-01
1.000000000000000000e+00 8.169741238960986094e-05 5.396631168747939578e-01
1.000000000000000000e+00 7.649390277561842215e-05 5.880205578092279062e-01
1.000000000000000000e+00 1.261828984380148678e-05 1.132405033858300825e-01
1.000000000000000000e+00 6.842073475266183195e-06 2.695916326850923694e-02
1.000000000000000000e+00 3.523829591571456368e-05 1.755970198824780837e-01
1.000000000000000000e+00 8.883835882344743359e-04 6.204534649298047988e-01
1.000000000000000000e+00 2.919601242673480019e-04 3.382446705803086595e-01
2.000000000000000000e+00 5.248800178180657781e-06 3.516297148761275415e-01
1.000000000000000000e+00 3.897173517724890227e-05 1.495391853965935824e-01
1.000000000000000000e+00 1.011284060343123445e-04 2.096512947898127310e-01
1.000000000000000000e+00 1.876789571641982845e-04 2.354152622194933264e-01
1.000000000000000000e+00 1.767051747133221073e-04 5.946179249598187999e-01
1.000000000000000000e+00 2.873611064525384909e-04 9.608875266331023957e-01
1.000000000000000000e+00 2.054049108412570870e-04 3.428338722488110668e-01
1.000000000000000000e+00 1.761930817118467871e-05 4.581600211412668183e-02
1.000000000000000000e+00 1.905572492500971771e-03 9.698133487144979803e-01
2.000000000000000000e+00 2.844388319254409131e-05 3.521377489139139172e-01
1.000000000000000000e+00 2.132324586298088614e-05 1.772246549100772728e-01
2.000000000000000000e+00 3.646984758817432493e-06 5.112414591078081466e-02
1.000000000000000000e+00 6.697690565547440597e-05 3.175973232947761904e-01
2.000000000000000000e+00 4.982807733023960825e-06 1.087655046816774079e-01
1.000000000000000000e+00 6.788820831657491181e-05 4.855509160242284517e-01
