1.000000000000000000e+00 2.681118950211608312e-04 5.388396116417885073e-01
1.000000000000000000e+00 8.232160521765935394e-08 1.404887049945461675e-04
1.000000000000000000e+00 5.732775558044160211e-04 7.074999716653874726e-01
1.000000000000000000e+00 8.843212292260800177e-06 2.883281657189525060e-02
1.000000000000000000e+00 3.806219529706591316e-04 5.541578399031847901e-01
2.000000000000000000e+00 6.038524668316351887e-04 9.019445832493837578e-01
1.000000000000000000e+00 8.113184420300032038e-04 5.278819637384910557e-01
2.000000000000000000e+00 7.955909650068983285e-05 1.333951422929120223e-01
1.000000000000000000e+00 5.481524052197420718e-05 1.140676769375740390e-01
1.000000000000000000e+00 5.137019575359890637e-04 6.179812393138708337e-01
1.000000000000000000e+00 3.123237965879846869e-04 5.601020016548907687e-01
1.000000000000000000e+00 2.743000271248471813e-04 4.208445411153960425e-01
1.000000000000000000e+00 4.060707670613462644e-04 9.607495918191266693e-01
1.000000000000000000e+00 1.808191471220688725e-04 8.724863049049236263e-01
2.000000000000000000e+00 8.540975350084304123e-04 7.787042871074982830e-01
1.000000000000000000e+00 3.153205424388944576e-05 8.833384740042969641e-02
1.000000000000000000e+00 1.109201684229890988e-04 2.503410408005570242e-01
1.000000000000000000e+00 3.734680638729620506e-04 6.309009517578776371e-01
1.000000000000000000e+00 2.444078193490300293e-05 9.639988156721484014e-01
1.000000000000000000e+00 3.937759881249458158e-04 9.459966226659114463e-01
2.000000000000000000e+00 3.638262775646049105e-06 2.575256536787606104e-02
2.000000000000000000e+00 9.459978147204323835e-05 7.584805093509121576e-01
2.000000000000000000e+00 1.051938530337105567e-05 1.417449962423749932e-01
2.000000000000000000e+00 9.727560726028727851e-06 1.589635806372275417e-01
2.000000000000000000e+00 8.971846878349491482e-08 1.670878896529312204e-04
2.000000000000000000e+00 3.690483426921693697e-06 3.663657532482568480e-02
1.000000000000000000e+00 6.662246489023822228e-04 9.515672219247670593e-01
1.000000000000000000e+00 6.197376648606673678e-04 9.293821825975547846e-01
1.000000000000000000e+00 1.289481958010666547e-03 7.617739247014995163e-01
1.000000000000000000e+00 8.002341965346882998e-04 8.498555872993407423e-01
1.000000000000000000e+00 2.809235579052714809e-05 4.674008882678756804e-02
1.000000000000000000e+00 8.125335835659357490e-04 5.982388597754437765e-01
1.000000000000000000e+00 1.910428243120854597e-04 6.896154355503042455e-01
1.000000000000000000e+00 7.359075813479184808e-05 4.727774374709872163e-01
1.000000000000000000e+00 7.232369069817408901e-05 5.572822545787916582e-01
1.000000000000000000e+00 1.313373300375253171e-05 1.299757598533926306e-01
1.000000000000000000e+00 5.661824711126393523e-06 2.115134312638235550e-02
1.000000000000000000e+00 3.120446070588102529e-05 1.459984951176950541e-01
1.000000000000000000e+00 8.812351096324673450e-04 6.209360312109373226e-01
1.000000000000000000e+00 3.435410029391380241e-04 4.348745946461765599e-01
2.000000000000000000e+00 3.571967313623180955e-06 3.419689244809149820e-01
1.000000000000000000e+00 3.568997222940226063e-05 1.465223635303251060e-01
1.000000000000000000e+00 9.977431736909705062e-05 2.128398162151664552e-01
1.000000000000000000e+00 1.938685275074650987e-04 2.645229658860600574e-01
1.000000000000000000e+00 2.505067134262956908e-04 8.673933648442498923e-01
1.000000000000000000e+00 2.611346078369531851e-04 9.243725425614728319e-01
1.000000000000000000e+00 1.382134739132162733e-04 2.129326286190754702e-01
1.000000000000000000e+00 1.441035083224634563e-05 3.761904654667231479e-02
1.000000000000000000e+00 1.833771129446505914e-03 9.599678863849097077e-01
2.000000000000000000e+00 2.144726975134169617e-05 3.099449076516442303e-01
1.000000000000000000e+00 2.931021855762843201e-05 3.266697574851854524e-01
2.000000000000000000e+00 5.619303302497415909e-06 8.784242546874859725e-02
1.000000000000000000e+00 6.670960302724222347e-05 3.119714218195485667e-01
2.000000000000000000e+00 9.026892628126387339e-06 3.750336673202695481e-01
1.000000000000000000e+00 7.222751013560762341e-05 5.226627562122559967e-01
