1.000000000000000000e+00 2.311755239868939897e-04 4.710796609147869796e-01
1.000000000000000000e+00 3.810672263702291606e-08 7.184198992786390299e-05
1.000000000000000000e+00 5.979048142244219486e-04 6.842672249060597345e-01
1.000000000000000000e+00 8.076487951370727375e-06 2.566544071386291440e-02
1.000000000000000000e+00 3.740937880105648251e-04 5.316525927154043263e-01
2.000000000000000000e+00 6.495227211786653220e-04 9.184719423241255454e-01
1.000000000000000000e+00 1.015398980312589607e-03 5.870564793283488125e-01
2.000000000000000000e+00 7.807960766730702603e-05 1.252939277607909851e-01
1.000000000000000000e+00 6.156860107003657510e-05 1.434095199076380889e-01
1.000000000000000000e+00 5.558580697510486900e-04 5.872419639574874006e-01
1.000000000000000000e+00 2.958060637563894569e-04 4.983322345495405092e-01
1.000000000000000000e+00 2.550815106116070797e-04 3.834505348879457820e-01
1.000000000000000000e+00 4.883711518467369296e-04 9.706113039946787646e-01
1.000000000000000000e+00 2.095074209893470598e-04 8.533987877494578767e-01
2.000000000000000000e+00 6.899919655761973820e-04 7.525279627150218698e-01
1.000000000000000000e+00 3.003872475447557668e-05 8.247959550910242965e-02
1.000000000000000000e+00 9.973405910768420553e-05 2.142078803363506312e-01
1.000000000000000000e+00 4.827181172599311846e-04 6.138906535467666403e-01
1.000000000000000000e+00 2.659537645120334864e-05 9.607954782123601101e-01
1.000000000000000000e+00 4.310130151812011329e-04 9.396280791290489987e-01
2.000000000000000000e+00 4.519274945478649993e-06 3.789681901397234931e-02
2.000000000000000000e+00 9.112367260864202921e-05 7.150116255306938617e-01
2.000000000000000000e+00 1.197582967740618083e-05 1.838346383431832542e-01
2.000000000000000000e+00 8.684616302674454100e-06 1.369896145728911607e-01
2.000000000000000000e+00 1.038248355350956096e-07 1.983612748522309071e-04
2.000000000000000000e+00 3.786665282223707063e-06 4.123003777928880426e-02
1.000000000000000000e+00 7.296559762358830999e-04 9.442992249941123406e-01
1.000000000000000000e+00 7.208596164755428325e-04 9.165731758314932254e-01
1.000000000000000000e+00 1.234642481690826537e-03 8.056860214432425282e-01
1.000000000000000000e+00 7.696045164708074319e-04 8.304601787604991570e-01
1.000000000000000000e+00 2.395076081123871222e-05 3.727340201853997226e-02
1.000000000000000000e+00 8.958429805533903211e-04 6.142297611422486980e-01
1.000000000000000000e+00 2.241486195045256638e-04 7.088661030425357223e-01
1.000000000000000000e+00 7.060026116875641605e-05 4.237744240116489980e-01
1.000000000000000000e+00 6.871478703436276387e-05 4.983178528070075775e-01
1.000000000000000000e+00 1.078471306327061422e-05 1.004040949572484465e-01
1.000000000000000000e+00 5.212954843280515807e-06 1.971239218443088248e-02
1.000000000000000000e+00 2.769089239422068132e-05 1.179552322333860120e-01
1.000000000000000000e+00 8.926961026169717836e-04 6.213687409372121717e-01
1.000000000000000000e+00 2.455838503514433499e-04 3.178196096740433796e-01
2.000000000000000000e+00 3.929727398200188940e-06 3.008961809122660536e-01
1.000000000000000000e+00 3.175664821585346981e-05 1.202089867345174923e-01
1.000000000000000000e+00 9.845552216203194761e-05 2.006255566146595559e-01
1.000000000000000000e+00 1.921205832880205824e-04 2.437836418079321055e-01
1.000000000000000000e+00 2.714043012744464089e-04 8.828368111035264088e-01
1.000000000000000000e+00 3.178615322748391250e-04 9.016744211625322691e-01
1.000000000000000000e+00 1.488141966298263418e-04 2.282284262913985284e-01
1.000000000000000000e+00 1.372417377135469131e-05 3.613359757338748673e-02
1.000000000000000000e+00 1.872093283880733178e-03 9.514289760200029811e-01
2.000000000000000000e+00 2.122653285398992532e-05 3.101294537300861576e-01
1.000000000000000000e+00 2.707337977114378580e-05 2.864536120567391375e-01
2.000000000000000000e+00 5.283363665832433391e-06 8.039741084516206782e-02
1.000000000000000000e+00 5.965552237531982307e-05 2.778887520107184428e-01
2.000000000000000000e+00 6.252060749389759304e-06 2.124091151056432536e-01
1.000000000000000000e+00 6.675689102443610077e-05 4.645545257769936875e-01
