1.000000000000000000e+00 2.532376851404947006e-04 5.099307876155082520e-01
1.000000000000000000e+00 6.831410342146868070e-08 1.097141676293892921e-04
1.000000000000000000e+00 5.696949551229872491e-04 7.158904996565880197e-01
1.000000000000000000e+00 8.757648370453705294e-06 2.872680095244016518e-02
1.000000000000000000e+00 3.901413609161485203e-04 5.710439881309414822e-01
2.000000000000000000e+00 6.038844389506352328e-04 9.087905658560537780e-01
1.000000000000000000e+00 7.580372073096185073e-04 5.113533233893795549e-01
2.000000000000000000e+00 7.867527054922342038e-05 1.320487119946499588e-01
1.000000000000000000e+00 5.921776234540885182e-05 1.247293304074266890e-01
1.000000000000000000e+00 5.226946488060845754e-04 6.226694123493654587e-01
1.000000000000000000e+00 3.149336965066803899e-04 5.726797783371255779e-01
1.000000000000000000e+00 2.751347055079884137e-04 4.269127933184044266e-01
1.000000000000000000e+00 3.954464088286548302e-04 9.414958986350574488e-01
1.000000000000000000e+00 1.726879627312847567e-04 8.772625289958025929e-01
2.000000000000000000e+00 9.300353124387442105e-04 7.745575587980774168e-01
1.000000000000000000e+00 3.186804174729298742e-05 9.714541957938566119e-02
1.000000000000000000e+00 1.141593110340539160e-04 2.555121209240238667e-01
1.000000000000000000e+00 3.739262271858569435e-04 6.388293761093192247e-01
1.000000000000000000e+00 2.338137280417890723e-05 9.667306460038207483e-01
1.000000000000000000e+00 3.822317338811849550e-04 9.483851223298920274e-01
2.000000000000000000e+00 3.544510671455642705e-06 2.471116710436298269e-02
2.000000000000000000e+00 9.677190083629363428e-05 7.745817345201616577e-01
2.000000000000000000e+00 9.515596643271185856e-06 1.286099770986452173e-01
2.000000000000000000e+00 9.575040607960732126e-06 1.483871615974859948e-01
2.000000000000000000e+00 8.995299907359532572e-08 1.685434036702008109e-04
2.000000000000000000e+00 3.551011800881751130e-06 3.272983189540405735e-02
1.000000000000000000e+00 6.506395412906676185e-04 9.532865900433518114e-01
1.000000000000000000e+00 6.086141287571106024e-04 9.270168814849887307e-01
1.000000000000000000e+00 1.244768634964650567e-03 7.460412987239185556e-01
1.000000000000000000e+00 7.751083810613151447e-04 8.388076834113147306e-01
1.000000000000000000e+00 2.843072278876821954e-05 4.797750872209931294e-02
1.000000000000000000e+00 7.478927421193759355e-04 5.547490114506131720e-01
1.000000000000000000e+00 1.924481968541312332e-04 6.919854672717380417e-01
1.000000000000000000e+00 7.500449214005120715e-05 4.926310874920305505e-01
1.000000000000000000e+00 7.315047614558100079e-05 5.798026348818848819e-01
1.000000000000000000e+00 1.536311174946268886e-05 1.528083946472017229e-01
1.000000000000000000e+00 5.834090645896157916e-06 2.169386868019300418e-02
1.000000000000000000e+00 3.133355090792139995e-05 1.501865155950218578e-01
1.000000000000000000e+00 8.820750647545685290e-04 6.141450591662702685e-01
1.000000000000000000e+00 3.616035264002148133e-04 4.705882851244448939e-01
2.000000000000000000e+00 3.683613983620730503e-06 3.284363704949236351e-01
1.000000000000000000e+00 3.796760308902249906e-05 1.589248800427181807e-01
1.000000000000000000e+00 1.010043607289429565e-04 2.188187399654179244e-01
1.000000000000000000e+00 1.922099101861308263e-04 2.620826659592760954e-01
1.000000000000000000e+00 2.366733290278406334e-04 8.119528294304370064e-01
1.000000000000000000e+00 2.497815062586133451e-04 9.262088774416589176e-01
1.000000000000000000e+00 1.336777038797641679e-04 2.055969633690594156e-01
1.000000000000000000e+00 1.504434135246100888e-05 3.985645993263999681e-02
1.000000000000000000e+00 1.816697428639776381e-03 9.614552458297467297e-01
2.000000000000000000e+00 2.009876821915011433e-05 3.005217571562461276e-01
1.000000000000000000e+00 2.795919917988296959e-05 2.954104018979836765e-01
2.000000000000000000e+00 5.461002564316412844e-06 8.287990409007198189e-02
1.000000000000000000e+00 6.855866348117121132e-05 3.196267975443945475e-01
2.000000000000000000e+00 8.355843088352783428e-06 3.445873583317612954e-01
1.000000000000000000e+00 7.638499434367977442e-05 5.411230912270412752e-01
