1.000000000000000000e+00 2.250057225397338186e-04 4.627620215048850461e-01
1.000000000000000000e+00 2.710469270900412219e-08 4.939864593186154331e-05
1.000000000000000000e+00 5.809468653324091798e-04 7.077034886205270103e-01
1.000000000000000000e+00 7.440379068014074126e-06 2.423510205534872008e-02
1.000000000000000000e+00 3.727575421572549446e-04 5.754905765974247522e-01
2.000000000000000000e+00 6.721760264404657258e-04 9.223579061612235952e-01
1.000000000000000000e+00 1.087208088301900829e-03 6.427361892074723304e-01
2.000000000000000000e+00 8.047421554488878393e-05 1.267284569058746979e-01
1.000000000000000000e+00 7.535937190119126102e-05 1.979553731936337102e-01
1.000000000000000000e+00 5.048507829281735117e-04 6.493716732941969827e-01
1.000000000000000000e+00 2.900731202450509624e-04 5.165948052519051537e-01
1.000000000000000000e+00 2.622301041218615385e-04 3.988864808920118410e-01
1.000000000000000000e+00 4.001453433657611424e-04 9.112909213290684152e-01
1.000000000000000000e+00 1.911511844177515775e-04 8.676359620273061957e-01
2.000000000000000000e+00 4.796251002757137474e-04 7.869890596629101065e-01
1.000000000000000000e+00 3.159936142203424156e-05 9.932960943061823478e-02
1.000000000000000000e+00 9.750344587097998020e-05 2.181561736623601755e-01
1.000000000000000000e+00 6.036127576839992077e-04 5.641189440870368887e-01
1.000000000000000000e+00 2.241423509080325878e-05 9.690671337007186192e-01
1.000000000000000000e+00 3.685274153180583771e-04 9.504624633638604214e-01
2.000000000000000000e+00 4.958212473174969959e-06 4.560282579930947239e-02
2.000000000000000000e+00 8.942223996493674101e-05 6.616904603133471063e-01
2.000000000000000000e+00 1.525192508994265311e-05 2.048094396380320814e-01
2.000000000000000000e+00 5.273620824052181406e-06 7.097170357943334562e-02
2.000000000000000000e+00 1.013055621075400375e-07 1.934861742240377952e-04
2.000000000000000000e+00 4.098749760146854669e-06 4.064147425898081284e-02
1.000000000000000000e+00 6.914105915442071140e-04 9.510605284978157492e-01
1.000000000000000000e+00 7.608358564280806504e-04 9.024422109048862994e-01
1.000000000000000000e+00 1.195619427414438890e-03 8.379874998331819924e-01
1.000000000000000000e+00 8.499103575475042442e-04 7.977593186708410444e-01
1.000000000000000000e+00 2.580051110292312739e-05 3.688918833969543482e-02
1.000000000000000000e+00 8.700187034200371336e-04 5.894120144409482620e-01
1.000000000000000000e+00 2.969799018561608810e-04 6.823158153925148461e-01
1.000000000000000000e+00 7.717786170899284008e-05 5.082143509845508111e-01
1.000000000000000000e+00 7.340997471719184857e-05 5.655267792909292046e-01
1.000000000000000000e+00 1.267036727547564779e-05 1.047335154839542926e-01
1.000000000000000000e+00 6.051352879578825948e-06 2.297671937731977920e-02
1.000000000000000000e+00 3.360517911348571545e-05 1.564187136388263955e-01
1.000000000000000000e+00 8.700799739992486070e-04 6.524864722456980015e-01
1.000000000000000000e+00 2.596726409838691894e-04 3.101146840742691202e-01
2.000000000000000000e+00 4.686170043885869392e-06 3.318000392041747237e-01
1.000000000000000000e+00 4.292977638501808540e-05 1.753445487002117387e-01
1.000000000000000000e+00 1.012462424758555556e-04 2.171389285101025801e-01
1.000000000000000000e+00 1.862197644833939885e-04 2.464542194222091864e-01
1.000000000000000000e+00 2.033545299846066480e-04 6.872486089273162069e-01
1.000000000000000000e+00 2.824379054545726134e-04 9.184427939450147127e-01
1.000000000000000000e+00 1.875090823388130511e-04 3.106670873307650904e-01
1.000000000000000000e+00 1.656437059711941484e-05 4.438614279165090104e-02
1.000000000000000000e+00 1.837950558551221638e-03 9.637781155265171540e-01
2.000000000000000000e+00 2.351360569683097826e-05 3.212623610746679903e-01
1.000000000000000000e+00 2.339566773783191474e-05 2.111092567087827498e-01
2.000000000000000000e+00 5.881758274202998434e-06 8.019317091487601634e-02
1.000000000000000000e+00 5.059091750849400738e-05 2.389414676374025104e-01
2.000000000000000000e+00 4.523136122393353104e-06 9.506418316986178785e-02
1.000000000000000000e+00 6.361253614142270765e-05 4.715662774703957560e-01
