1.000000000000000000e+00 2.276192892557459869e-04 4.662413066476110424e-01
1.000000000000000000e+00 3.382329352775706167e-08 6.413994356818855235e-05
1.000000000000000000e+00 5.842996096129168251e-04 6.995347004127834278e-01
1.000000000000000000e+00 7.787955750536818577e-06 2.518608463538486025e-02
1.000000000000000000e+00 3.852423399675241255e-04 5.627856569813367571e-01
2.000000000000000000e+00 6.435651431211592607e-04 9.053259067725178966e-01
1.000000000000000000e+00 1.039123682957430279e-03 6.089484000799010310e-01
2.000000000000000000e+00 7.879533332991634246e-05 1.264958028072279417e-01
1.000000000000000000e+00 6.594711186752754057e-05 1.625560285536240546e-01
1.000000000000000000e+00 5.350224022799722609e-04 6.163519297206783154e-01
1.000000000000000000e+00 2.894251385327005033e-04 5.118073270967194999e-01
1.000000000000000000e+00 2.615425049096883024e-04 4.021631453333596173e-01
1.000000000000000000e+00 4.359614325724471637e-04 9.533410995638463836e-01
1.000000000000000000e+00 1.925492234070791614e-04 8.653275577444976552e-01
2.000000000000000000e+00 6.213167554630511782e-04 7.662031708001643127e-01
1.000000000000000000e+00 3.080935522474684371e-05 9.293760506467997617e-02
1.000000000000000000e+00 1.057742707725045368e-04 2.304105391797350300e-01
1.000000000000000000e+00 5.104193374133017460e-04 6.200013529599335271e-01
1.000000000000000000e+00 2.439264272610984177e-05 9.655188308841903266e-01
1.000000000000000000e+00 4.012743231747120556e-04 9.455413745675627091e-01
2.000000000000000000e+00 4.395420361081828405e-06 3.435762789963414665e-02
2.000000000000000000e+00 9.112752930009013653e-05 7.139739677316824240e-01
2.000000000000000000e+00 1.137732452303010654e-05 1.774170229350230665e-01
2.000000000000000000e+00 9.229383058106330003e-06 1.468052293088452642e-01
2.000000000000000000e+00 1.023315820436183042e-07 1.943255182679614994e-04
2.000000000000000000e+00 3.883738374370564472e-06 3.807783685101422816e-02
1.000000000000000000e+00 6.989599206314165607e-04 9.489526582005343158e-01
1.000000000000000000e+00 7.114991809517906465e-04 9.136108009868569857e-01
1.000000000000000000e+00 1.171849145022158976e-03 8.027694214029904574e-01
1.000000000000000000e+00 7.557573192747700551e-04 8.267434440872849510e-01
1.000000000000000000e+00 2.556529578838333261e-05 4.100113401033098764e-02
1.000000000000000000e+00 9.200052291829707764e-04 6.118664736826793238e-01
1.000000000000000000e+00 2.251529733431128708e-04 6.981453387250462495e-01
1.000000000000000000e+00 7.377139923602209909e-05 4.659535415888717558e-01
1.000000000000000000e+00 7.129913059358672204e-05 5.415530871362823628e-01
1.000000000000000000e+00 1.287395484689884490e-05 1.163732611414885904e-01
1.000000000000000000e+00 5.606904002260511295e-06 2.094009330143364184e-02
1.000000000000000000e+00 3.038395418909025953e-05 1.380855442364740115e-01
1.000000000000000000e+00 8.858962664034923142e-04 6.163742945350277891e-01
1.000000000000000000e+00 2.495619525033254313e-04 3.211923326798203360e-01
2.000000000000000000e+00 3.981399995754653620e-06 3.138317059238203144e-01
1.000000000000000000e+00 3.618857422119447180e-05 1.435399842286450012e-01
1.000000000000000000e+00 1.001809880562221870e-04 2.103275136090285158e-01
1.000000000000000000e+00 1.895609084129474522e-04 2.498956913487592468e-01
1.000000000000000000e+00 2.412825083565813022e-04 8.156458954331671229e-01
1.000000000000000000e+00 2.853269380423426125e-04 9.113907579981028739e-01
1.000000000000000000e+00 1.629304983494708346e-04 2.584373396715213267e-01
1.000000000000000000e+00 1.515846362968742981e-05 4.054558606512175672e-02
1.000000000000000000e+00 1.835558915625888632e-03 9.597309678018444146e-01
2.000000000000000000e+00 1.941615296804823025e-05 2.921574921971725192e-01
1.000000000000000000e+00 2.631042121239566856e-05 2.778516535909225649e-01
2.000000000000000000e+00 5.996218345750901722e-06 9.671534293220669654e-02
1.000000000000000000e+00 6.169627352196949187e-05 2.897482841208588455e-01
2.000000000000000000e+00 6.212441531609422421e-06 2.119741452123747871e-01
1.000000000000000000e+00 6.695222940352568133e-05 4.862052367406954900e-01
