1.000000000000000000e+00 2.773497964093993426e-04 5.661860234302723560e-01
1.000000000000000000e+00 8.341164127346959058e-08 1.593546316181497426e-04
1.000000000000000000e+00 5.774907696775087411e-04 6.994016644627136792e-01
1.000000000000000000e+00 9.054653479261053238e-06 2.923467710350238433e-02
1.000000000000000000e+00 3.709118779106724629e-04 5.385627610659702302e-01
2.000000000000000000e+00 6.078656370176910599e-04 9.047288870120043791e-01
1.000000000000000000e+00 8.804535590411742552e-04 5.491651969065445282e-01
2.000000000000000000e+00 8.316047654011074052e-05 1.389164257876055741e-01
1.000000000000000000e+00 5.263040947915396972e-05 1.104755949127103898e-01
1.000000000000000000e+00 4.970731472867730583e-04 6.250661251822421383e-01
1.000000000000000000e+00 3.029186823969688496e-04 5.376415211271589056e-01
1.000000000000000000e+00 2.747814529276300637e-04 4.160002549093279045e-01
1.000000000000000000e+00 4.079002069619110365e-04 9.652911501327933186e-01
1.000000000000000000e+00 1.874345288292383156e-04 8.682616100881074273e-01
2.000000000000000000e+00 7.608667302832392790e-04 7.822202055825041578e-01
1.000000000000000000e+00 3.066785524814345370e-05 8.310981041465922980e-02
1.000000000000000000e+00 1.087906208741035608e-04 2.535189912508900023e-01
1.000000000000000000e+00 3.817956812416231031e-04 6.174752066388684568e-01
1.000000000000000000e+00 2.553977263095429936e-05 9.611772002793981251e-01
1.000000000000000000e+00 4.059531569945416828e-04 9.434873289997735002e-01
2.000000000000000000e+00 3.987893651513103250e-06 3.183537654496090830e-02
2.000000000000000000e+00 9.068721644573312984e-05 7.395532208651940387e-01
2.000000000000000000e+00 1.393011925067501749e-05 2.067484094214062651e-01
2.000000000000000000e+00 1.081655616965541085e-05 1.800052643349846493e-01
2.000000000000000000e+00 9.858074251698464518e-08 1.874556926364610984e-04
2.000000000000000000e+00 4.091233097592449564e-06 5.189965196517625640e-02
1.000000000000000000e+00 6.824695052224372376e-04 9.500103148679800436e-01
1.000000000000000000e+00 6.257078551580400614e-04 9.330050481357277103e-01
1.000000000000000000e+00 1.328797418867906557e-03 8.093325372125241834e-01
1.000000000000000000e+00 7.975272730839633433e-04 8.533558598657954297e-01
1.000000000000000000e+00 2.686246367398702434e-05 4.405623239458553164e-02
1.000000000000000000e+00 9.309440790158545788e-04 6.429577814059637131e-01
1.000000000000000000e+00 1.843390197869987249e-04 6.664651995507608895e-01
1.000000000000000000e+00 7.206500117189210066e-05 4.570041174465480083e-01
1.000000000000000000e+00 7.090420738779351336e-05 5.357139090068214760e-01
1.000000000000000000e+00 1.098986403844088214e-05 1.067213151122510806e-01
1.000000000000000000e+00 5.459687401023302660e-06 2.044073594894095514e-02
1.000000000000000000e+00 3.264846236273713010e-05 1.487683181727142701e-01
1.000000000000000000e+00 8.839626456102763581e-04 6.287116736476462409e-01
1.000000000000000000e+00 2.866788572488144777e-04 3.590728161777403948e-01
2.000000000000000000e+00 3.439687307750989665e-06 3.522139485447867702e-01
1.000000000000000000e+00 3.347447283456284978e-05 1.347339818172942350e-01
1.000000000000000000e+00 9.890240382451738694e-05 2.083996742253196310e-01
1.000000000000000000e+00 1.938556118947163667e-04 2.641074836011494398e-01
1.000000000000000000e+00 2.616417709564402465e-04 8.908242150532466042e-01
1.000000000000000000e+00 2.710554261544991395e-04 9.220966847428182511e-01
1.000000000000000000e+00 1.455004717242654297e-04 2.270283343069235127e-01
1.000000000000000000e+00 1.421608723834430429e-05 3.689677168199872320e-02
1.000000000000000000e+00 1.847588980987494413e-03 9.532115548339709088e-01
2.000000000000000000e+00 2.131774185613639290e-05 2.901019101946606393e-01
1.000000000000000000e+00 3.281554894482690150e-05 3.848629119047565772e-01
2.000000000000000000e+00 6.526698342100418124e-06 1.047903945548131766e-01
1.000000000000000000e+00 6.935211445320961466e-05 3.225231639829873043e-01
2.000000000000000000e+00 1.069819969415834293e-05 4.482135869733776534e-01
1.000000000000000000e+00 6.765825183800281198e-05 5.033330676839808948e-01
