1.000000000000000000e+00 2.336825755232055390e-04 6.256754489732514468e-01
1.000000000000000000e+00 5.653433176094396436e-08 1.126649541135119834e-04
1.000000000000000000e+00 5.762925736563576096e-04 6.371716878294126918e-01
1.000000000000000000e+00 1.116474121486908441e-05 3.699401337250830119e-02
1.000000000000000000e+00 4.179580130322397961e-04 4.381534196444919482e-01
2.000000000000000000e+00 6.479280023596660455e-04 9.267431704264811332e-01
1.000000000000000000e+00 9.471612476220202942e-04 5.772643931731481493e-01
2.000000000000000000e+00 1.599575024663751888e-04 3.084384660949983092e-01
1.000000000000000000e+00 5.220296265915889570e-05 1.238578017802283437e-01
1.000000000000000000e+00 2.337599109581491334e-04 3.706315550766720590e-01
1.000000000000000000e+00 3.632800948922568175e-04 7.116949413252869894e-01
1.000000000000000000e+00 3.176672390032980482e-04 5.248387136137027120e-01
1.000000000000000000e+00 3.748629309913175159e-04 9.955766848500680055e-01
1.000000000000000000e+00 1.327916919355449628e-04 8.940116365048046410e-01
2.000000000000000000e+00 7.478799137826245592e-04 7.365390138058768299e-01
1.000000000000000000e+00 3.436596752724629575e-05 9.123573818420295523e-02
1.000000000000000000e+00 1.243832259470226934e-04 3.221545668786945926e-01
1.000000000000000000e+00 4.042885188926461249e-04 6.300820550842316514e-01
1.000000000000000000e+00 2.505441728151024301e-05 9.165930328362108526e-01
1.000000000000000000e+00 3.049816473395313299e-04 9.599209277986171518e-01
2.000000000000000000e+00 3.939275167222988986e-06 3.252009268937901959e-02
2.000000000000000000e+00 7.968122671168753450e-05 7.677326871257074137e-01
2.000000000000000000e+00 2.730610519267718966e-05 3.293041518210582108e-01
2.000000000000000000e+00 1.346243885188816281e-05 2.547633343335231060e-01
2.000000000000000000e+00 2.061778901738423750e-06 5.325110360629939192e-03
2.000000000000000000e+00 7.185105011543937986e-06 1.677006688148124369e-01
1.000000000000000000e+00 5.728729753368056636e-04 9.613849082129530821e-01
1.000000000000000000e+00 3.982191360106965240e-04 9.872324383782206114e-01
1.000000000000000000e+00 1.231489412474106628e-03 9.215313440704258063e-01
1.000000000000000000e+00 5.898155249540237626e-04 8.514908749052287895e-01
1.000000000000000000e+00 2.695657291930052992e-05 4.421317716698317662e-02
1.000000000000000000e+00 9.534289699327186483e-04 6.642312653291603253e-01
1.000000000000000000e+00 2.880559692737550141e-04 9.331516001887657508e-01
1.000000000000000000e+00 7.476594155254829644e-05 6.178790417740038787e-01
1.000000000000000000e+00 6.077268382953410908e-05 5.385001396108891614e-01
1.000000000000000000e+00 4.468395558148919877e-06 3.694871648542841225e-02
1.000000000000000000e+00 6.718048122952760193e-06 2.636977874643327280e-02
1.000000000000000000e+00 7.086709184176297920e-05 2.854136695946940527e-01
1.000000000000000000e+00 8.523609049777418649e-04 6.312670893982715858e-01
1.000000000000000000e+00 2.056196039221195183e-04 1.997918983167689677e-01
2.000000000000000000e+00 2.090330905755366941e-06 1.883304079490272509e-01
1.000000000000000000e+00 3.158174721232174896e-05 1.026151506824889287e-01
1.000000000000000000e+00 1.111686802337597858e-04 3.267854097480582531e-01
1.000000000000000000e+00 2.049806981018552734e-04 3.521868898562096617e-01
1.000000000000000000e+00 2.713300863337586837e-04 8.973418956945375946e-01
1.000000000000000000e+00 1.876209389550427011e-04 9.527128544789525977e-01
1.000000000000000000e+00 1.668376491941584209e-04 3.144137733572018312e-01
1.000000000000000000e+00 3.048994218675148891e-05 7.978108384897011907e-02
1.000000000000000000e+00 1.742515407057037419e-03 9.462592218240803987e-01
2.000000000000000000e+00 2.823552606883637751e-05 4.376908294977164271e-01
1.000000000000000000e+00 2.290046768820017681e-05 2.200218829642585083e-01
2.000000000000000000e+00 1.013076981297122135e-05 1.986140367521981032e-01
1.000000000000000000e+00 4.527856114938837227e-05 2.163929814750616965e-01
2.000000000000000000e+00 1.464817166247318109e-05 7.300743630360158054e-01
1.000000000000000000e+00 5.504332716291013392e-05 4.250413192365274373e-01
