1.000000000000000000e+00 2.158572343539768342e-04 4.359467785285092711e-01
1.000000000000000000e+00 6.572330510329636299e-08 8.607286425395409995e-05
1.000000000000000000e+00 5.965297431032947663e-04 6.860200526296489354e-01
1.000000000000000000e+00 7.580499225233272594e-06 2.368549344772234375e-02
1.000000000000000000e+00 3.586660134620984586e-04 5.064816177055353474e-01
2.000000000000000000e+00 6.704741605829824631e-04 8.621792760792135191e-01
1.000000000000000000e+00 1.122271828760152941e-03 6.210275989369532512e-01
2.000000000000000000e+00 7.477235265834680160e-05 1.183206132019796186e-01
1.000000000000000000e+00 5.127945034504911587e-05 1.185588391745456688e-01
1.000000000000000000e+00 5.603917414426137214e-04 5.942604036723535543e-01
1.000000000000000000e+00 2.957948264495783631e-04 4.816426507344389596e-01
1.000000000000000000e+00 2.382314169745015204e-04 3.475125870067190537e-01
1.000000000000000000e+00 5.390488562455662911e-04 9.688097639987104381e-01
1.000000000000000000e+00 2.288043171460477456e-04 8.389181944393659940e-01
2.000000000000000000e+00 5.941609872924480352e-04 7.143984121755498906e-01
1.000000000000000000e+00 2.943390314759269355e-05 7.916326947453722340e-02
1.000000000000000000e+00 9.432789856598822490e-05 2.004267346333109823e-01
1.000000000000000000e+00 5.695492776801811810e-04 6.122960067618458124e-01
1.000000000000000000e+00 2.546248229514439836e-05 9.613595541144709378e-01
1.000000000000000000e+00 4.248294282935727480e-04 9.411324734691413063e-01
2.000000000000000000e+00 4.874181034014504890e-06 5.570731020284085816e-02
2.000000000000000000e+00 8.797339314013668957e-05 6.467135341027157036e-01
2.000000000000000000e+00 1.873269704867696028e-05 1.810303608544717446e-01
2.000000000000000000e+00 6.269163347768848598e-06 7.118958186176799208e-02
2.000000000000000000e+00 1.087538941020901497e-07 2.096136523971931669e-04
2.000000000000000000e+00 4.286585012821772747e-06 6.555680637812895395e-02
1.000000000000000000e+00 7.479638777036930718e-04 9.445730476392151242e-01
1.000000000000000000e+00 7.820840774846528646e-04 9.067254232661924318e-01
1.000000000000000000e+00 1.262344909872872021e-03 8.185566842317852920e-01
1.000000000000000000e+00 7.948377957681736390e-04 7.868399115811398614e-01
1.000000000000000000e+00 2.317734650521293861e-05 3.309275677874426447e-02
1.000000000000000000e+00 9.806899842153484100e-04 7.036206553579683609e-01
1.000000000000000000e+00 2.782497080717047291e-04 6.563192743027180809e-01
1.000000000000000000e+00 7.269272647709363916e-05 4.265291238640031013e-01
1.000000000000000000e+00 7.021114837855667019e-05 4.769562404927061294e-01
1.000000000000000000e+00 6.770443849915117179e-06 6.368089394072712350e-02
1.000000000000000000e+00 5.317825848212532312e-06 2.023051868035589951e-02
1.000000000000000000e+00 2.768319434480029891e-05 1.143700868446785729e-01
1.000000000000000000e+00 8.883523224232168364e-04 6.025164891740150130e-01
1.000000000000000000e+00 2.392429101483437329e-04 2.914992554637261812e-01
2.000000000000000000e+00 3.925614083585384998e-06 2.452153033277843230e-01
1.000000000000000000e+00 2.654122303051280221e-05 9.029085537488081015e-02
1.000000000000000000e+00 9.655749639593367998e-05 1.900690968885146992e-01
1.000000000000000000e+00 1.911846423396655929e-04 2.277360420948978947e-01
1.000000000000000000e+00 2.651714795478524091e-04 8.676780405058640566e-01
1.000000000000000000e+00 3.635203721729019693e-04 8.922474379434665037e-01
1.000000000000000000e+00 1.549116322956054761e-04 2.306096849391554571e-01
1.000000000000000000e+00 1.403910682263507179e-05 3.628374942657897062e-02
1.000000000000000000e+00 1.923797807565797314e-03 9.540880769352215740e-01
2.000000000000000000e+00 3.096328363704012597e-05 3.888927407308979123e-01
1.000000000000000000e+00 2.609552629358946531e-05 2.395891669616043440e-01
2.000000000000000000e+00 3.526624009183690100e-06 4.639289544612582028e-02
1.000000000000000000e+00 4.488311147196373670e-05 2.082856185142017702e-01
2.000000000000000000e+00 5.004307099235845432e-06 1.130644981790963483e-01
1.000000000000000000e+00 6.262626963717254089e-05 4.275616886642998882e-01
