1.000000000000000000e+00 3.219946138120291252e-04 7.605909905651563330e-01
1.000000000000000000e+00 1.162398589560247016e-07 2.326588476831733913e-04
1.000000000000000000e+00 5.086901297947858235e-04 7.146836163618669469e-01
1.000000000000000000e+00 1.396176287446231704e-05 4.655677671377900922e-02
1.000000000000000000e+00 3.794656645321038235e-04 5.255031267305635412e-01
2.000000000000000000e+00 5.582101861289482563e-04 8.701810541218181205e-01
1.000000000000000000e+00 6.656148787421915618e-04 4.569319475217806237e-01
2.000000000000000000e+00 1.540838447960655219e-04 3.021920365922318719e-01
1.000000000000000000e+00 4.368603281422500547e-05 9.151356064119466061e-02
1.000000000000000000e+00 2.657896871571004257e-04 4.098187051900747391e-01
1.000000000000000000e+00 3.284114690240014646e-04 6.268320015243097343e-01
1.000000000000000000e+00 3.512327877687995616e-04 5.638937784318058810e-01
1.000000000000000000e+00 2.447777006182670742e-04 7.750960669406634640e-01
1.000000000000000000e+00 1.010625813629710177e-04 9.106162327146520852e-01
2.000000000000000000e+00 7.918926659093083673e-04 8.031426277156050730e-01
1.000000000000000000e+00 3.154506486673835437e-05 8.582613988980157538e-02
1.000000000000000000e+00 1.502857196118650800e-04 4.047117281808843559e-01
1.000000000000000000e+00 3.027113007825815087e-04 5.958253189659750149e-01
1.000000000000000000e+00 2.230071094745316072e-05 9.438896228266886457e-01
1.000000000000000000e+00 2.431335470484850478e-04 9.660781841719394691e-01
2.000000000000000000e+00 3.826153399291389433e-06 3.423835955514729912e-02
2.000000000000000000e+00 8.482397409890499662e-05 7.540112371510941935e-01
2.000000000000000000e+00 2.144333582665443661e-05 3.215514697436985814e-01
2.000000000000000000e+00 1.416533793951802271e-05 2.433692675081903511e-01
2.000000000000000000e+00 3.926932126169893960e-07 8.892186686248895007e-04
2.000000000000000000e+00 6.141585225140981721e-06 1.065904362472604588e-01
1.000000000000000000e+00 4.248094377902778300e-04 9.792228096688104788e-01
1.000000000000000000e+00 3.151817449320938103e-04 8.159143611866392920e-01
1.000000000000000000e+00 1.468128366494607200e-03 9.258237568733339584e-01
1.000000000000000000e+00 7.386569121777083373e-04 8.813424369460494123e-01
1.000000000000000000e+00 3.617278161607934638e-05 6.811843239651287074e-02
1.000000000000000000e+00 1.042870081933842952e-03 6.698176869437899583e-01
1.000000000000000000e+00 1.812132200921789124e-04 6.896998377868063246e-01
1.000000000000000000e+00 7.508300774496735929e-05 6.957648079410894137e-01
1.000000000000000000e+00 7.456838489869991606e-05 6.721636072234753456e-01
1.000000000000000000e+00 8.467760604785852052e-06 5.944527746334946072e-02
1.000000000000000000e+00 6.176161414939212417e-06 2.279655226485823027e-02
1.000000000000000000e+00 6.479502816595462738e-05 3.050251620967373567e-01
1.000000000000000000e+00 8.713350281202872317e-04 6.527942934673970354e-01
1.000000000000000000e+00 2.341160582076086069e-04 2.503637162045505571e-01
2.000000000000000000e+00 2.613065997109805351e-06 2.554875587810860882e-01
1.000000000000000000e+00 3.541985642174573002e-05 1.363116966271220309e-01
1.000000000000000000e+00 1.091379672666217203e-04 3.244637036753563186e-01
1.000000000000000000e+00 1.987937704764973599e-04 3.775062770498063269e-01
1.000000000000000000e+00 2.365919797934885015e-04 9.492010262747481164e-01
1.000000000000000000e+00 1.512896002900111748e-04 9.675439136747887581e-01
1.000000000000000000e+00 1.480713365886541643e-04 2.450095552748554062e-01
1.000000000000000000e+00 2.066920907087573583e-05 5.080134511659975538e-02
1.000000000000000000e+00 1.679186893240155500e-03 9.609704840065967923e-01
2.000000000000000000e+00 2.155724343974305178e-05 2.579535720274310773e-01
1.000000000000000000e+00 3.817709582158588583e-05 4.740132382599251404e-01
2.000000000000000000e+00 1.034454892486032187e-05 1.864367917458765456e-01
1.000000000000000000e+00 7.653370692095046851e-05 3.823253808083698635e-01
2.000000000000000000e+00 1.756435245298772747e-05 8.061829440995872398e-01
1.000000000000000000e+00 6.298577672041753763e-05 5.690429215736713120e-01
